2 1.63811e-05
3 3.27620e-05
4 5.56951e-05
5 8.51800e-05
6 1.21216e-04
7 1.63804e-04
8 2.12942e-04
9 2.68631e-04
10 3.30868e-04
11 3.99655e-04
12 4.74990e-04
13 5.56872e-04
14 6.45301e-04
15 7.40275e-04
16 8.41794e-04
17 9.49856e-04
18 1.06446e-03
19 1.18561e-03
20 1.31329e-03
21 1.44752e-03
22 1.58828e-03
23 1.73557e-03
24 1.88940e-03
25 2.04976e-03
26 2.21666e-03
27 2.39008e-03
28 2.57003e-03
29 2.75650e-03
30 2.94950e-03
31 3.14901e-03
32 3.35505e-03
33 3.56760e-03
34 3.78667e-03
35 4.01225e-03
36 4.24434e-03
37 4.48293e-03
38 4.72803e-03
39 4.97963e-03
40 5.23773e-03
41 5.50233e-03
42 5.77342e-03
43 6.05100e-03
44 6.33506e-03
45 6.62561e-03
46 6.92265e-03
47 7.22615e-03
48 7.53614e-03
49 7.85259e-03
50 8.17552e-03
51 8.50490e-03
52 8.84074e-03
53 9.18305e-03
54 9.53180e-03
55 9.88701e-03
56 1.02487e-02
57 1.06167e-02
58 1.09913e-02
59 1.13722e-02
60 1.17596e-02
61 1.21534e-02
62 1.25536e-02
63 1.29603e-02
64 1.33733e-02
65 1.37928e-02
66 1.42187e-02
67 1.46509e-02
68 1.50896e-02
69 1.55346e-02
70 1.59860e-02
71 1.64438e-02
72 1.69079e-02
73 1.73784e-02
74 1.78553e-02
75 1.83385e-02
76 1.88281e-02
77 1.93240e-02
78 1.98263e-02
79 2.03349e-02
80 2.08498e-02
81 2.13710e-02
82 2.18985e-02
83 2.24324e-02
84 2.29725e-02
85 2.35190e-02
86 2.40717e-02
87 2.46307e-02
88 2.51959e-02
89 2.57675e-02
90 2.63453e-02
91 2.69293e-02
92 2.75196e-02
93 2.81161e-02
94 2.87189e-02
95 2.93279e-02
96 2.99431e-02
97 3.05644e-02
98 3.11920e-02
99 3.18258e-02
100 3.24658e-02
101 3.31120e-02
102 3.37643e-02
103 3.44228e-02
104 3.50874e-02
105 3.57582e-02
106 3.64351e-02
107 3.71181e-02
108 3.78072e-02
109 3.85025e-02
110 3.92038e-02
111 3.99113e-02
112 4.06248e-02
113 4.13444e-02
114 4.20701e-02
115 4.28018e-02
116 4.35396e-02
117 4.42833e-02
118 4.50332e-02
119 4.57890e-02
120 4.65509e-02
121 4.73187e-02
122 4.80925e-02
123 4.88723e-02
124 4.96581e-02
125 5.04498e-02
126 5.12475e-02
127 5.20511e-02
128 5.28606e-02
129 5.36760e-02
130 5.44973e-02
131 5.53246e-02
132 5.61577e-02
133 5.69967e-02
134 5.78415e-02
135 5.86922e-02
136 5.95487e-02
137 6.04110e-02
138 6.12792e-02
139 6.21531e-02
140 6.30329e-02
141 6.39184e-02
142 6.48096e-02
143 6.57067e-02
144 6.66094e-02
145 6.75180e-02
146 6.84322e-02
147 6.93521e-02
148 7.02777e-02
149 7.12090e-02
150 7.21459e-02
151 7.30885e-02
152 7.40368e-02
153 7.49907e-02
154 7.59502e-02
155 7.69152e-02
156 7.78859e-02
157 7.88622e-02
158 7.98440e-02
159 8.08314e-02
160 8.18243e-02
161 8.28227e-02
162 8.38266e-02
163 8.48361e-02
164 8.58509e-02
165 8.68713e-02
166 8.78971e-02
167 8.89283e-02
168 8.99650e-02
169 9.10071e-02
170 9.20546e-02
171 9.31074e-02
172 9.41657e-02
173 9.52292e-02
174 9.62981e-02
175 9.73723e-02
176 9.84519e-02
177 9.95367e-02
178 1.00627e-01
179 1.01722e-01
180 1.02823e-01
181 1.03929e-01
182 1.05040e-01
183 1.06156e-01
184 1.07277e-01
185 1.08404e-01
186 1.09536e-01
187 1.10673e-01
188 1.11815e-01
189 1.12962e-01
190 1.14114e-01
191 1.15271e-01
192 1.16434e-01
193 1.17601e-01
194 1.18773e-01
195 1.19951e-01
196 1.21133e-01
197 1.22321e-01
198 1.23513e-01
199 1.24710e-01
200 1.25912e-01
201 1.27120e-01
202 1.28332e-01
203 1.29548e-01
204 1.30770e-01
205 1.31997e-01
206 1.33228e-01
207 1.34465e-01
208 1.35706e-01
209 1.36951e-01
210 1.38202e-01
211 1.39457e-01
212 1.40717e-01
213 1.41982e-01
214 1.43252e-01
215 1.44526e-01
216 1.45804e-01
217 1.47088e-01
218 1.48376e-01
219 1.49669e-01
220 1.50966e-01
221 1.52268e-01
222 1.53574e-01
223 1.54885e-01
224 1.56200e-01
225 1.57520e-01
226 1.58845e-01
227 1.60173e-01
228 1.61507e-01
229 1.62844e-01
230 1.64187e-01
231 1.65533e-01
232 1.66884e-01
233 1.68239e-01
234 1.69599e-01
235 1.70963e-01
236 1.72331e-01
237 1.73704e-01
238 1.75081e-01
239 1.76462e-01
240 1.77847e-01
241 1.79236e-01
242 1.80630e-01
243 1.82028e-01
244 1.83430e-01
245 1.84836e-01
246 1.86247e-01
247 1.87661e-01
248 1.89080e-01
249 1.90502e-01
250 1.91929e-01
251 1.93359e-01
252 1.94794e-01
253 1.96233e-01
254 1.97675e-01
255 1.99122e-01
256 2.00573e-01
257 2.02027e-01
258 2.03486e-01
259 2.04948e-01
260 2.06414e-01
261 2.07884e-01
262 2.09358e-01
263 2.10835e-01
264 2.12317e-01
265 2.13802e-01
266 2.15291e-01
267 2.16784e-01
268 2.18280e-01
269 2.19781e-01
270 2.21285e-01
271 2.22792e-01
272 2.24303e-01
273 2.25818e-01
274 2.27337e-01
275 2.28859e-01
276 2.30384e-01
277 2.31914e-01
278 2.33446e-01
279 2.34983e-01
280 2.36522e-01
281 2.38066e-01
282 2.39612e-01
283 2.41163e-01
284 2.42716e-01
285 2.44273e-01
286 2.45834e-01
287 2.47398e-01
288 2.48965e-01
289 2.50536e-01
290 2.52110e-01
291 2.53687e-01
292 2.55267e-01
293 2.56851e-01
294 2.58438e-01
295 2.60029e-01
296 2.61622e-01
297 2.63219e-01
298 2.64819e-01
299 2.66422e-01
300 2.68028e-01
301 2.69638e-01
302 2.71250e-01
303 2.72866e-01
304 2.74484e-01
305 2.76106e-01
306 2.77731e-01
307 2.79359e-01
308 2.80990e-01
309 2.82624e-01
310 2.84261e-01
311 2.85901e-01
312 2.87543e-01
313 2.89189e-01
314 2.90838e-01
315 2.92489e-01
316 2.94144e-01
317 2.95801e-01
318 2.97461e-01
319 2.99124e-01
320 3.00790e-01
321 3.02458e-01
322 3.04130e-01
323 3.05804e-01
324 3.07481e-01
325 3.09160e-01
326 3.10843e-01
327 3.12528e-01
328 3.14215e-01
329 3.15906e-01
330 3.17599e-01
331 3.19294e-01
332 3.20993e-01
333 3.22694e-01
334 3.24397e-01
335 3.26103e-01
336 3.27811e-01
337 3.29522e-01
338 3.31236e-01
339 3.32952e-01
340 3.34671e-01
341 3.36392e-01
342 3.38115e-01
343 3.39841e-01
344 3.41570e-01
345 3.43300e-01
346 3.45034e-01
347 3.46769e-01
348 3.48507e-01
349 3.50247e-01
350 3.51990e-01
351 3.53735e-01
352 3.55482e-01
353 3.57231e-01
354 3.58983e-01
355 3.60737e-01
356 3.62493e-01
357 3.64252e-01
358 3.66012e-01
359 3.67775e-01
360 3.69540e-01
361 3.71307e-01
362 3.73077e-01
363 3.74848e-01
364 3.76621e-01
365 3.78397e-01
366 3.80175e-01
367 3.81955e-01
368 3.83736e-01
369 3.85520e-01
370 3.87306e-01
371 3.89094e-01
372 3.90884e-01
373 3.92676e-01
374 3.94470e-01
375 3.96266e-01
376 3.98063e-01
377 3.99863e-01
378 4.01664e-01
379 4.03468e-01
380 4.05273e-01
381 4.07080e-01
382 4.08889e-01
383 4.10700e-01
384 4.12513e-01
385 4.14327e-01
386 4.16144e-01
387 4.17962e-01
388 4.19782e-01
389 4.21603e-01
390 4.23426e-01
391 4.25251e-01
392 4.27078e-01
393 4.28907e-01
394 4.30737e-01
395 4.32568e-01
396 4.34402e-01
397 4.36237e-01
398 4.38074e-01
399 4.39912e-01
400 4.41752e-01
401 4.43593e-01
402 4.45436e-01
403 4.47281e-01
404 4.49127e-01
405 4.50974e-01
406 4.52823e-01
407 4.54674e-01
408 4.56526e-01
409 4.58380e-01
410 4.60234e-01
411 4.62091e-01
412 4.63949e-01
413 4.65808e-01
414 4.67669e-01
415 4.69531e-01
416 4.71394e-01
417 4.73259e-01
418 4.75125e-01
419 4.76993e-01
420 4.78862e-01
421 4.80732e-01
422 4.82603e-01
423 4.84476e-01
424 4.86350e-01
425 4.88225e-01
426 4.90101e-01
427 4.91979e-01
428 4.93858e-01
429 4.95738e-01
430 4.97619e-01
431 4.99502e-01
432 5.01385e-01
433 5.03270e-01
434 5.05156e-01
435 5.07043e-01
436 5.08931e-01
437 5.10820e-01
438 5.12710e-01
439 5.14602e-01
440 5.16494e-01
441 5.18387e-01
442 5.20282e-01
443 5.22177e-01
444 5.24074e-01
445 5.25971e-01
446 5.27869e-01
447 5.29769e-01
448 5.31669e-01
449 5.33570e-01
450 5.35472e-01
451 5.37375e-01
452 5.39279e-01
453 5.41184e-01
454 5.43090e-01
455 5.44996e-01
456 5.46903e-01
457 5.48812e-01
458 5.50721e-01
459 5.52630e-01
460 5.54541e-01
461 5.56453e-01
462 5.58365e-01
463 5.60277e-01
464 5.62191e-01
465 5.64105e-01
466 5.66020e-01
467 5.67936e-01
468 5.69852e-01
469 5.71769e-01
470 5.73687e-01
471 5.75606e-01
472 5.77525e-01
473 5.79444e-01
474 5.81364e-01
475 5.83285e-01
476 5.85207e-01
477 5.87128e-01
478 5.89051e-01
479 5.90974e-01
480 5.92897e-01
481 5.94821e-01
482 5.96746e-01
483 5.98671e-01
484 6.00596e-01
485 6.02522e-01
486 6.04449e-01
487 6.06376e-01
488 6.08303e-01
489 6.10231e-01
490 6.12159e-01
491 6.14087e-01
492 6.16016e-01
493 6.17945e-01
494 6.19874e-01
495 6.21804e-01
496 6.23734e-01
497 6.25665e-01
498 6.27595e-01
499 6.29526e-01
500 6.31458e-01
501 6.33389e-01
502 6.35321e-01
503 6.37253e-01
504 6.39185e-01
505 6.41117e-01
506 6.43050e-01
507 6.44983e-01
508 6.46915e-01
509 6.48848e-01
510 6.50781e-01
511 6.52715e-01
512 6.54648e-01
513 6.56581e-01
514 6.58515e-01
515 6.60448e-01
516 6.62382e-01
517 6.64316e-01
518 6.66249e-01
519 6.68183e-01
520 6.70117e-01
521 6.72050e-01
522 6.73984e-01
523 6.75918e-01
524 6.77851e-01
525 6.79785e-01
526 6.81718e-01
527 6.83652e-01
528 6.85585e-01
529 6.87518e-01
530 6.89451e-01
531 6.91384e-01
532 6.93316e-01
533 6.95249e-01
534 6.97181e-01
535 6.99113e-01
536 7.01045e-01
537 7.02977e-01
538 7.04909e-01
539 7.06840e-01
540 7.08771e-01
541 7.10701e-01
542 7.12632e-01
543 7.14562e-01
544 7.16492e-01
545 7.18421e-01
546 7.20351e-01
547 7.22279e-01
548 7.24208e-01
549 7.26136e-01
550 7.28064e-01
551 7.29991e-01
552 7.31918e-01
553 7.33844e-01
554 7.35770e-01
555 7.37696e-01
556 7.39621e-01
557 7.41546e-01
558 7.43470e-01
559 7.45393e-01
560 7.47317e-01
561 7.49239e-01
562 7.51161e-01
563 7.53083e-01
564 7.55004e-01
565 7.56924e-01
566 7.58844e-01
567 7.60764e-01
568 7.62682e-01
569 7.64600e-01
570 7.66518e-01
571 7.68434e-01
572 7.70351e-01
573 7.72266e-01
574 7.74180e-01
575 7.76095e-01
576 7.78008e-01
577 7.79921e-01
578 7.81833e-01
579 7.83744e-01
580 7.85654e-01
581 7.87564e-01
582 7.89473e-01
583 7.91381e-01
584 7.93288e-01
585 7.95195e-01
586 7.97101e-01
587 7.99005e-01
588 8.00909e-01
589 8.02813e-01
590 8.04715e-01
591 8.06616e-01
592 8.08517e-01
593 8.10416e-01
594 8.12315e-01
595 8.14213e-01
596 8.16110e-01
597 8.18006e-01
598 8.19901e-01
599 8.21795e-01
600 8.23687e-01
601 8.25580e-01
602 8.27471e-01
603 8.29360e-01
604 8.31250e-01
605 8.33138e-01
606 8.35024e-01
607 8.36910e-01
608 8.38795e-01
609 8.40679e-01
610 8.42561e-01
611 8.44443e-01
612 8.46323e-01
613 8.48202e-01
614 8.50080e-01
615 8.51958e-01
616 8.53833e-01
617 8.55708e-01
618 8.57582e-01
619 8.59454e-01
620 8.61326e-01
621 8.63195e-01
622 8.65064e-01
623 8.66931e-01
624 8.68798e-01
625 8.70663e-01
626 8.72527e-01
627 8.74389e-01
628 8.76250e-01
629 8.78110e-01
630 8.79969e-01
631 8.81826e-01
632 8.83683e-01
633 8.85537e-01
634 8.87390e-01
635 8.89243e-01
636 8.91093e-01
637 8.92942e-01
638 8.94791e-01
639 8.96637e-01
640 8.98482e-01
641 9.00326e-01
642 9.02168e-01
643 9.04010e-01
644 9.05849e-01
645 9.07687e-01
646 9.09524e-01
647 9.11359e-01
648 9.13193e-01
649 9.15025e-01
650 9.16855e-01
651 9.18685e-01
652 9.20513e-01
653 9.22339e-01
654 9.24164e-01
655 9.25987e-01
656 9.27809e-01
657 9.29629e-01
658 9.31447e-01
659 9.33264e-01
660 9.35080e-01
661 9.36893e-01
662 9.38706e-01
663 9.40516e-01
664 9.42325e-01
665 9.44133e-01
666 9.45939e-01
667 9.47743e-01
668 9.49546e-01
669 9.51346e-01
670 9.53146e-01
671 9.54943e-01
672 9.56739e-01
673 9.58533e-01
674 9.60326e-01
675 9.62116e-01
676 9.63906e-01
677 9.65693e-01
678 9.67479e-01
679 9.69262e-01
680 9.71045e-01
681 9.72825e-01
682 9.74604e-01
683 9.76381e-01
684 9.78156e-01
685 9.79929e-01
686 9.81701e-01
687 9.83471e-01
688 9.85238e-01
689 9.87005e-01
690 9.88769e-01
691 9.90532e-01
692 9.92293e-01
693 9.94052e-01
694 9.95808e-01
695 9.97564e-01
696 9.99317e-01
697 1.00107e+00
698 1.00282e+00
699 1.00457e+00
700 1.00631e+00
701 1.00806e+00
702 1.00980e+00
703 1.01154e+00
704 1.01328e+00
705 1.01501e+00
706 1.01675e+00
707 1.01848e+00
708 1.02021e+00
709 1.02194e+00
710 1.02366e+00
711 1.02539e+00
712 1.02711e+00
713 1.02883e+00
714 1.03055e+00
715 1.03227e+00
716 1.03398e+00
717 1.03569e+00
718 1.03740e+00
719 1.03911e+00
720 1.04082e+00
721 1.04252e+00
722 1.04423e+00
723 1.04593e+00
724 1.04762e+00
725 1.04932e+00
726 1.05102e+00
727 1.05271e+00
728 1.05440e+00
729 1.05609e+00
730 1.05777e+00
731 1.05946e+00
732 1.06114e+00
733 1.06282e+00
734 1.06449e+00
735 1.06617e+00
736 1.06784e+00
737 1.06951e+00
738 1.07118e+00
739 1.07285e+00
740 1.07451e+00
741 1.07618e+00
742 1.07784e+00
743 1.07949e+00
744 1.08115e+00
745 1.08280e+00
746 1.08446e+00
747 1.08611e+00
748 1.08775e+00
749 1.08940e+00
750 1.09104e+00
751 1.09268e+00
752 1.09432e+00
753 1.09596e+00
754 1.09759e+00
755 1.09922e+00
756 1.10085e+00
757 1.10248e+00
758 1.10410e+00
759 1.10573e+00
760 1.10735e+00
761 1.10896e+00
762 1.11058e+00
763 1.11219e+00
764 1.11381e+00
765 1.11541e+00
766 1.11702e+00
767 1.11863e+00
768 1.12023e+00
769 1.12183e+00
770 1.12343e+00
771 1.12502e+00
772 1.12661e+00
773 1.12821e+00
774 1.12979e+00
775 1.13138e+00
776 1.13296e+00
777 1.13454e+00
778 1.13612e+00
779 1.13770e+00
780 1.13927e+00
781 1.14085e+00
782 1.14242e+00
783 1.14398e+00
784 1.14555e+00
785 1.14711e+00
786 1.14867e+00
787 1.15023e+00
788 1.15178e+00
789 1.15334e+00
790 1.15489e+00
791 1.15644e+00
792 1.15798e+00
793 1.15953e+00
794 1.16107e+00
795 1.16260e+00
796 1.16414e+00
797 1.16568e+00
798 1.16721e+00
799 1.16874e+00
800 1.17026e+00
801 1.17179e+00
802 1.17331e+00
803 1.17483e+00
804 1.17634e+00
805 1.17786e+00
806 1.17937e+00
807 1.18088e+00
808 1.18239e+00
809 1.18389e+00
810 1.18539e+00
811 1.18689e+00
812 1.18839e+00
813 1.18989e+00
814 1.19138e+00
815 1.19287e+00
816 1.19436e+00
817 1.19584e+00
818 1.19732e+00
819 1.19880e+00
820 1.20028e+00
821 1.20176e+00
822 1.20323e+00
823 1.20470e+00
824 1.20617e+00
825 1.20763e+00
826 1.20909e+00
827 1.21055e+00
828 1.21201e+00
829 1.21347e+00
830 1.21492e+00
831 1.21637e+00
832 1.21782e+00
833 1.21926e+00
834 1.22070e+00
835 1.22214e+00
836 1.22358e+00
837 1.22502e+00
838 1.22645e+00
839 1.22788e+00
840 1.22931e+00
841 1.23073e+00
842 1.23216e+00
843 1.23358e+00
844 1.23499e+00
845 1.23641e+00
846 1.23782e+00
847 1.23923e+00
848 1.24064e+00
849 1.24204e+00
850 1.24345e+00
851 1.24485e+00
852 1.24624e+00
853 1.24764e+00
854 1.24903e+00
855 1.25042e+00
856 1.25181e+00
857 1.25319e+00
858 1.25458e+00
859 1.25596e+00
860 1.25733e+00
861 1.25871e+00
862 1.26008e+00
863 1.26145e+00
864 1.26282e+00
865 1.26418e+00
866 1.26554e+00
867 1.26690e+00
868 1.26826e+00
869 1.26962e+00
870 1.27097e+00
871 1.27232e+00
872 1.27366e+00
873 1.27501e+00
874 1.27635e+00
875 1.27769e+00
876 1.27903e+00
877 1.28036e+00
878 1.28169e+00
879 1.28302e+00
880 1.28435e+00
881 1.28567e+00
882 1.28699e+00
883 1.28831e+00
884 1.28963e+00
885 1.29094e+00
886 1.29226e+00
887 1.29357e+00
888 1.29487e+00
889 1.29618e+00
890 1.29748e+00
891 1.29878e+00
892 1.30007e+00
893 1.30137e+00
894 1.30266e+00
895 1.30395e+00
896 1.30523e+00
897 1.30652e+00
898 1.30780e+00
899 1.30908e+00
900 1.31036e+00
901 1.31163e+00
902 1.31290e+00
903 1.31417e+00
904 1.31544e+00
905 1.31670e+00
906 1.31796e+00
907 1.31922e+00
908 1.32048e+00
909 1.32173e+00
910 1.32298e+00
911 1.32423e+00
912 1.32548e+00
913 1.32672e+00
914 1.32796e+00
915 1.32920e+00
916 1.33044e+00
917 1.33167e+00
918 1.33291e+00
919 1.33414e+00
920 1.33536e+00
921 1.33659e+00
922 1.33781e+00
923 1.33903e+00
924 1.34024e+00
925 1.34146e+00
926 1.34267e+00
927 1.34388e+00
928 1.34509e+00
929 1.34629e+00
930 1.34749e+00
931 1.34869e+00
932 1.34989e+00
933 1.35108e+00
934 1.35228e+00
935 1.35347e+00
936 1.35465e+00
937 1.35584e+00
938 1.35702e+00
939 1.35820e+00
940 1.35938e+00
941 1.36055e+00
942 1.36173e+00
943 1.36290e+00
944 1.36407e+00
945 1.36523e+00
946 1.36639e+00
947 1.36755e+00
948 1.36871e+00
949 1.36987e+00
950 1.37102e+00
951 1.37217e+00
952 1.37332e+00
953 1.37447e+00
954 1.37561e+00
955 1.37675e+00
956 1.37789e+00
957 1.37902e+00
958 1.38016e+00
959 1.38129e+00
960 1.38242e+00
961 1.38355e+00
962 1.38467e+00
963 1.38579e+00
964 1.38691e+00
965 1.38803e+00
966 1.38914e+00
967 1.39026e+00
968 1.39137e+00
969 1.39247e+00
970 1.39358e+00
971 1.39468e+00
972 1.39578e+00
973 1.39688e+00
974 1.39798e+00
975 1.39907e+00
976 1.40016e+00
977 1.40125e+00
978 1.40234e+00
979 1.40342e+00
980 1.40450e+00
981 1.40558e+00
982 1.40666e+00
983 1.40773e+00
984 1.40880e+00
985 1.40987e+00
986 1.41094e+00
987 1.41201e+00
988 1.41307e+00
989 1.41413e+00
990 1.41519e+00
991 1.41624e+00
992 1.41730e+00
993 1.41835e+00
994 1.41939e+00
995 1.42044e+00
996 1.42149e+00
997 1.42253e+00
998 1.42357e+00
999 1.42460e+00
1000 1.42564e+00
1001 1.42667e+00
1002 1.42770e+00
1003 1.42873e+00
1004 1.42975e+00
1005 1.43078e+00
1006 1.43180e+00
1007 1.43282e+00
1008 1.43383e+00
1009 1.43485e+00
1010 1.43586e+00
1011 1.43687e+00
1012 1.43788e+00
1013 1.43888e+00
1014 1.43988e+00
1015 1.44088e+00
1016 1.44188e+00
1017 1.44288e+00
1018 1.44387e+00
1019 1.44486e+00
1020 1.44585e+00
1021 1.44684e+00
1022 1.44782e+00
1023 1.44880e+00
1024 1.44978e+00
1025 1.45076e+00
1026 1.45173e+00
1027 1.45271e+00
1028 1.45368e+00
1029 1.45465e+00
1030 1.45561e+00
1031 1.45658e+00
1032 1.45754e+00
1033 1.45850e+00
1034 1.45946e+00
1035 1.46041e+00
1036 1.46136e+00
1037 1.46231e+00
1038 1.46326e+00
1039 1.46421e+00
1040 1.46515e+00
1041 1.46609e+00
1042 1.46703e+00
1043 1.46797e+00
1044 1.46890e+00
1045 1.46984e+00
1046 1.47077e+00
1047 1.47170e+00
1048 1.47262e+00
1049 1.47355e+00
1050 1.47447e+00
1051 1.47539e+00
1052 1.47630e+00
1053 1.47722e+00
1054 1.47813e+00
1055 1.47904e+00
1056 1.47995e+00
1057 1.48086e+00
1058 1.48176e+00
1059 1.48266e+00
1060 1.48356e+00
1061 1.48446e+00
1062 1.48535e+00
1063 1.48625e+00
1064 1.48714e+00
1065 1.48803e+00
1066 1.48891e+00
1067 1.48980e+00
1068 1.49068e+00
1069 1.49156e+00
1070 1.49244e+00
1071 1.49331e+00
1072 1.49419e+00
1073 1.49506e+00
1074 1.49593e+00
1075 1.49679e+00
1076 1.49766e+00
1077 1.49852e+00
1078 1.49938e+00
1079 1.50024e+00
1080 1.50109e+00
1081 1.50195e+00
1082 1.50280e+00
1083 1.50365e+00
1084 1.50450e+00
1085 1.50534e+00
1086 1.50619e+00
1087 1.50703e+00
1088 1.50787e+00
1089 1.50870e+00
1090 1.50954e+00
1091 1.51037e+00
1092 1.51120e+00
1093 1.51203e+00
1094 1.51286e+00
1095 1.51368e+00
1096 1.51450e+00
1097 1.51532e+00
1098 1.51614e+00
1099 1.51696e+00
1100 1.51777e+00
1101 1.51858e+00
1102 1.51939e+00
1103 1.52020e+00
1104 1.52101e+00
1105 1.52181e+00
1106 1.52261e+00
1107 1.52341e+00
1108 1.52421e+00
1109 1.52500e+00
1110 1.52579e+00
1111 1.52659e+00
1112 1.52737e+00
1113 1.52816e+00
1114 1.52894e+00
1115 1.52973e+00
1116 1.53051e+00
1117 1.53129e+00
1118 1.53206e+00
1119 1.53284e+00
1120 1.53361e+00
1121 1.53438e+00
1122 1.53515e+00
1123 1.53591e+00
1124 1.53668e+00
1125 1.53744e+00
1126 1.53820e+00
1127 1.53896e+00
1128 1.53971e+00
1129 1.54047e+00
1130 1.54122e+00
1131 1.54197e+00
1132 1.54272e+00
1133 1.54346e+00
1134 1.54421e+00
1135 1.54495e+00
1136 1.54569e+00
1137 1.54643e+00
1138 1.54716e+00
1139 1.54790e+00
1140 1.54863e+00
1141 1.54936e+00
1142 1.55009e+00
1143 1.55081e+00
1144 1.55153e+00
1145 1.55226e+00
1146 1.55298e+00
1147 1.55369e+00
1148 1.55441e+00
1149 1.55512e+00
1150 1.55584e+00
1151 1.55655e+00
1152 1.55725e+00
1153 1.55796e+00
1154 1.55866e+00
1155 1.55937e+00
1156 1.56007e+00
1157 1.56076e+00
1158 1.56146e+00
1159 1.56215e+00
1160 1.56285e+00
1161 1.56354e+00
1162 1.56423e+00
1163 1.56491e+00
1164 1.56560e+00
1165 1.56628e+00
1166 1.56696e+00
1167 1.56764e+00
1168 1.56832e+00
1169 1.56899e+00
1170 1.56966e+00
1171 1.57033e+00
1172 1.57100e+00
1173 1.57167e+00
1174 1.57234e+00
1175 1.57300e+00
1176 1.57366e+00
1177 1.57432e+00
1178 1.57498e+00
1179 1.57563e+00
1180 1.57629e+00
1181 1.57694e+00
1182 1.57759e+00
1183 1.57824e+00
1184 1.57889e+00
1185 1.57953e+00
1186 1.58017e+00
1187 1.58081e+00
1188 1.58145e+00
1189 1.58209e+00
1190 1.58272e+00
1191 1.58336e+00
1192 1.58399e+00
1193 1.58462e+00
1194 1.58525e+00
1195 1.58587e+00
1196 1.58650e+00
1197 1.58712e+00
1198 1.58774e+00
1199 1.58836e+00
1200 1.58898e+00
1201 1.58959e+00
1202 1.59020e+00
1203 1.59082e+00
1204 1.59143e+00
1205 1.59203e+00
1206 1.59264e+00
1207 1.59324e+00
1208 1.59385e+00
1209 1.59445e+00
1210 1.59505e+00
1211 1.59564e+00
1212 1.59624e+00
1213 1.59683e+00
1214 1.59742e+00
1215 1.59801e+00
1216 1.59860e+00
1217 1.59919e+00
1218 1.59977e+00
1219 1.60036e+00
1220 1.60094e+00
1221 1.60152e+00
1222 1.60210e+00
1223 1.60267e+00
1224 1.60325e+00
1225 1.60382e+00
1226 1.60439e+00
1227 1.60496e+00
1228 1.60553e+00
1229 1.60609e+00
1230 1.60666e+00
1231 1.60722e+00
1232 1.60778e+00
1233 1.60834e+00
1234 1.60890e+00
1235 1.60945e+00
1236 1.61001e+00
1237 1.61056e+00
1238 1.61111e+00
1239 1.61166e+00
1240 1.61221e+00
1241 1.61275e+00
1242 1.61330e+00
1243 1.61384e+00
1244 1.61438e+00
1245 1.61492e+00
1246 1.61546e+00
1247 1.61599e+00
1248 1.61653e+00
1249 1.61706e+00
1250 1.61759e+00
1251 1.61812e+00
1252 1.61865e+00
1253 1.61918e+00
1254 1.61970e+00
1255 1.62023e+00
1256 1.62075e+00
1257 1.62127e+00
1258 1.62179e+00
1259 1.62230e+00
1260 1.62282e+00
1261 1.62334e+00
1262 1.62385e+00
1263 1.62436e+00
1264 1.62487e+00
1265 1.62538e+00
1266 1.62588e+00
1267 1.62639e+00
1268 1.62689e+00
1269 1.62740e+00
1270 1.62790e+00
1271 1.62840e+00
1272 1.62889e+00
1273 1.62939e+00
1274 1.62989e+00
1275 1.63038e+00
1276 1.63087e+00
1277 1.63136e+00
1278 1.63185e+00
1279 1.63234e+00
1280 1.63283e+00
1281 1.63331e+00
1282 1.63380e+00
1283 1.63428e+00
1284 1.63476e+00
1285 1.63524e+00
1286 1.63572e+00
1287 1.63620e+00
1288 1.63667e+00
1289 1.63715e+00
1290 1.63762e+00
1291 1.63809e+00
1292 1.63856e+00
1293 1.63903e+00
1294 1.63950e+00
1295 1.63997e+00
1296 1.64043e+00
1297 1.64090e+00
1298 1.64136e+00
1299 1.64182e+00
1300 1.64228e+00
1301 1.64274e+00
1302 1.64320e+00
1303 1.64366e+00
1304 1.64411e+00
1305 1.64457e+00
1306 1.64502e+00
1307 1.64547e+00
1308 1.64593e+00
1309 1.64638e+00
1310 1.64682e+00
1311 1.64727e+00
1312 1.64772e+00
1313 1.64816e+00
1314 1.64861e+00
1315 1.64905e+00
1316 1.64950e+00
1317 1.64994e+00
1318 1.65038e+00
1319 1.65082e+00
1320 1.65125e+00
1321 1.65169e+00
1322 1.65213e+00
1323 1.65256e+00
1324 1.65300e+00
1325 1.65343e+00
1326 1.65386e+00
1327 1.65429e+00
1328 1.65472e+00
1329 1.65515e+00
1330 1.65558e+00
1331 1.65601e+00
1332 1.65644e+00
1333 1.65686e+00
1334 1.65729e+00
1335 1.65771e+00
1336 1.65813e+00
1337 1.65856e+00
1338 1.65898e+00
1339 1.65940e+00
1340 1.65982e+00
1341 1.66024e+00
1342 1.66066e+00
1343 1.66107e+00
1344 1.66149e+00
1345 1.66190e+00
1346 1.66232e+00
1347 1.66273e+00
1348 1.66315e+00
1349 1.66356e+00
1350 1.66397e+00
1351 1.66438e+00
1352 1.66479e+00
1353 1.66520e+00
1354 1.66561e+00
1355 1.66602e+00
1356 1.66643e+00
1357 1.66684e+00
1358 1.66724e+00
1359 1.66765e+00
1360 1.66806e+00
1361 1.66846e+00
1362 1.66887e+00
1363 1.66927e+00
1364 1.66967e+00
1365 1.67008e+00
1366 1.67048e+00
1367 1.67088e+00
1368 1.67128e+00
1369 1.67168e+00
1370 1.67208e+00
1371 1.67248e+00
1372 1.67288e+00
1373 1.67328e+00
1374 1.67368e+00
1375 1.67407e+00
1376 1.67447e+00
1377 1.67487e+00
1378 1.67527e+00
1379 1.67566e+00
1380 1.67606e+00
1381 1.67645e+00
1382 1.67685e+00
1383 1.67724e+00
1384 1.67764e+00
1385 1.67803e+00
1386 1.67842e+00
1387 1.67882e+00
1388 1.67921e+00
1389 1.67960e+00
1390 1.68000e+00
1391 1.68039e+00
1392 1.68078e+00
1393 1.68117e+00
1394 1.68156e+00
1395 1.68195e+00
1396 1.68235e+00
1397 1.68274e+00
1398 1.68313e+00
1399 1.68352e+00
1400 1.68391e+00
1401 1.68430e+00
1402 1.68469e+00
1403 1.68508e+00
1404 1.68547e+00
1405 1.68586e+00
1406 1.68625e+00
1407 1.68664e+00
1408 1.68702e+00
1409 1.68741e+00
1410 1.68780e+00
1411 1.68819e+00
1412 1.68858e+00
1413 1.68897e+00
1414 1.68936e+00
1415 1.68975e+00
1416 1.69014e+00
1417 1.69053e+00
1418 1.69091e+00
1419 1.69130e+00
1420 1.69169e+00
1421 1.69208e+00
1422 1.69247e+00
1423 1.69286e+00
1424 1.69325e+00
1425 1.69364e+00
1426 1.69403e+00
1427 1.69441e+00
1428 1.69480e+00
1429 1.69519e+00
1430 1.69558e+00
1431 1.69597e+00
1432 1.69636e+00
1433 1.69675e+00
1434 1.69714e+00
1435 1.69753e+00
1436 1.69792e+00
1437 1.69831e+00
1438 1.69870e+00
1439 1.69909e+00
1440 1.69948e+00
1441 1.69987e+00
1442 1.70027e+00
1443 1.70066e+00
1444 1.70105e+00
1445 1.70144e+00
1446 1.70183e+00
1447 1.70222e+00
1448 1.70262e+00
1449 1.70301e+00
1450 1.70340e+00
1451 1.70380e+00
1452 1.70419e+00
1453 1.70458e+00
1454 1.70498e+00
1455 1.70537e+00
1456 1.70576e+00
1457 1.70616e+00
1458 1.70655e+00
1459 1.70695e+00
1460 1.70734e+00
1461 1.70774e+00
1462 1.70814e+00
1463 1.70853e+00
1464 1.70893e+00
1465 1.70933e+00
1466 1.70972e+00
1467 1.71012e+00
1468 1.71052e+00
1469 1.71092e+00
1470 1.71131e+00
1471 1.71171e+00
1472 1.71211e+00
1473 1.71251e+00
1474 1.71291e+00
1475 1.71331e+00
1476 1.71371e+00
1477 1.71411e+00
1478 1.71451e+00
1479 1.71492e+00
1480 1.71532e+00
1481 1.71572e+00
1482 1.71612e+00
1483 1.71652e+00
1484 1.71693e+00
1485 1.71733e+00
1486 1.71774e+00
1487 1.71814e+00
1488 1.71854e+00
1489 1.71895e+00
1490 1.71936e+00
1491 1.71976e+00
1492 1.72017e+00
1493 1.72057e+00
1494 1.72098e+00
1495 1.72139e+00
1496 1.72180e+00
1497 1.72220e+00
1498 1.72261e+00
1499 1.72302e+00
1500 1.72343e+00
1501 1.72384e+00
1502 1.72425e+00
1503 1.72466e+00
1504 1.72507e+00
1505 1.72548e+00
1506 1.72589e+00
1507 1.72630e+00
1508 1.72671e+00
1509 1.72713e+00
1510 1.72754e+00
1511 1.72795e+00
1512 1.72837e+00
1513 1.72878e+00
1514 1.72919e+00
1515 1.72961e+00
1516 1.73002e+00
1517 1.73044e+00
1518 1.73085e+00
1519 1.73127e+00
1520 1.73169e+00
1521 1.73210e+00
1522 1.73252e+00
1523 1.73294e+00
1524 1.73335e+00
1525 1.73377e+00
1526 1.73419e+00
1527 1.73461e+00
1528 1.73503e+00
1529 1.73544e+00
1530 1.73586e+00
1531 1.73628e+00
1532 1.73670e+00
1533 1.73712e+00
1534 1.73754e+00
1535 1.73797e+00
1536 1.73839e+00
1537 1.73881e+00
1538 1.73923e+00
1539 1.73965e+00
1540 1.74007e+00
1541 1.74050e+00
1542 1.74092e+00
1543 1.74134e+00
1544 1.74176e+00
1545 1.74219e+00
1546 1.74261e+00
1547 1.74304e+00
1548 1.74346e+00
1549 1.74388e+00
1550 1.74431e+00
1551 1.74473e+00
1552 1.74516e+00
1553 1.74558e+00
1554 1.74601e+00
1555 1.74643e+00
1556 1.74686e+00
1557 1.74729e+00
1558 1.74771e+00
1559 1.74814e+00
1560 1.74856e+00
1561 1.74899e+00
1562 1.74942e+00
1563 1.74984e+00
1564 1.75027e+00
1565 1.75070e+00
1566 1.75113e+00
1567 1.75155e+00
1568 1.75198e+00
1569 1.75241e+00
1570 1.75284e+00
1571 1.75326e+00
1572 1.75369e+00
1573 1.75412e+00
1574 1.75455e+00
1575 1.75498e+00
1576 1.75540e+00
1577 1.75583e+00
1578 1.75626e+00
1579 1.75669e+00
1580 1.75712e+00
1581 1.75754e+00
1582 1.75797e+00
1583 1.75840e+00
1584 1.75883e+00
1585 1.75926e+00
1586 1.75969e+00
1587 1.76011e+00
1588 1.76054e+00
1589 1.76097e+00
1590 1.76140e+00
1591 1.76183e+00
1592 1.76226e+00
1593 1.76268e+00
1594 1.76311e+00
1595 1.76354e+00
1596 1.76397e+00
1597 1.76440e+00
1598 1.76482e+00
1599 1.76525e+00
1600 1.76568e+00
1601 1.76611e+00
1602 1.76653e+00
1603 1.76696e+00
1604 1.76739e+00
1605 1.76781e+00
1606 1.76824e+00
1607 1.76867e+00
1608 1.76909e+00
1609 1.76952e+00
1610 1.76995e+00
1611 1.77037e+00
1612 1.77080e+00
1613 1.77122e+00
1614 1.77165e+00
1615 1.77207e+00
1616 1.77250e+00
1617 1.77292e+00
1618 1.77335e+00
1619 1.77377e+00
1620 1.77419e+00
1621 1.77462e+00
1622 1.77504e+00
1623 1.77546e+00
1624 1.77589e+00
1625 1.77631e+00
1626 1.77673e+00
1627 1.77715e+00
1628 1.77758e+00
1629 1.77800e+00
1630 1.77842e+00
1631 1.77884e+00
1632 1.77926e+00
1633 1.77968e+00
1634 1.78010e+00
1635 1.78052e+00
1636 1.78094e+00
1637 1.78136e+00
1638 1.78177e+00
1639 1.78219e+00
1640 1.78261e+00
1641 1.78303e+00
1642 1.78344e+00
1643 1.78386e+00
1644 1.78428e+00
1645 1.78469e+00
1646 1.78511e+00
1647 1.78552e+00
1648 1.78594e+00
1649 1.78635e+00
1650 1.78676e+00
1651 1.78718e+00
1652 1.78759e+00
1653 1.78800e+00
1654 1.78841e+00
1655 1.78882e+00
1656 1.78923e+00
1657 1.78965e+00
1658 1.79006e+00
1659 1.79046e+00
1660 1.79087e+00
1661 1.79128e+00
1662 1.79169e+00
1663 1.79210e+00
1664 1.79250e+00
1665 1.79291e+00
1666 1.79332e+00
1667 1.79372e+00
1668 1.79413e+00
1669 1.79453e+00
1670 1.79493e+00
1671 1.79534e+00
1672 1.79574e+00
1673 1.79614e+00
1674 1.79654e+00
1675 1.79694e+00
1676 1.79734e+00
1677 1.79774e+00
1678 1.79814e+00
1679 1.79854e+00
1680 1.79894e+00
1681 1.79934e+00
1682 1.79974e+00
1683 1.80013e+00
1684 1.80053e+00
1685 1.80092e+00
1686 1.80132e+00
1687 1.80171e+00
1688 1.80210e+00
1689 1.80250e+00
1690 1.80289e+00
1691 1.80328e+00
1692 1.80367e+00
1693 1.80406e+00
1694 1.80445e+00
1695 1.80484e+00
1696 1.80523e+00
1697 1.80562e+00
1698 1.80601e+00
1699 1.80639e+00
1700 1.80678e+00
1701 1.80716e+00
1702 1.80755e+00
1703 1.80793e+00
1704 1.80832e+00
1705 1.80870e+00
1706 1.80908e+00
1707 1.80946e+00
1708 1.80984e+00
1709 1.81022e+00
1710 1.81060e+00
1711 1.81098e+00
1712 1.81136e+00
1713 1.81174e+00
1714 1.81212e+00
1715 1.81249e+00
1716 1.81287e+00
1717 1.81324e+00
1718 1.81362e+00
1719 1.81399e+00
1720 1.81437e+00
1721 1.81474e+00
1722 1.81511e+00
1723 1.81548e+00
1724 1.81585e+00
1725 1.81622e+00
1726 1.81659e+00
1727 1.81696e+00
1728 1.81733e+00
1729 1.81770e+00
1730 1.81806e+00
1731 1.81843e+00
1732 1.81879e+00
1733 1.81916e+00
1734 1.81952e+00
1735 1.81988e+00
1736 1.82025e+00
1737 1.82061e+00
1738 1.82097e+00
1739 1.82133e+00
1740 1.82169e+00
1741 1.82205e+00
1742 1.82241e+00
1743 1.82277e+00
1744 1.82313e+00
1745 1.82348e+00
1746 1.82384e+00
1747 1.82420e+00
1748 1.82455e+00
1749 1.82490e+00
1750 1.82526e+00
1751 1.82561e+00
1752 1.82596e+00
1753 1.82632e+00
1754 1.82667e+00
1755 1.82702e+00
1756 1.82737e+00
1757 1.82772e+00
1758 1.82807e+00
1759 1.82841e+00
1760 1.82876e+00
1761 1.82911e+00
1762 1.82946e+00
1763 1.82980e+00
1764 1.83015e+00
1765 1.83049e+00
1766 1.83083e+00
1767 1.83118e+00
1768 1.83152e+00
1769 1.83186e+00
1770 1.83220e+00
1771 1.83254e+00
1772 1.83288e+00
1773 1.83322e+00
1774 1.83356e+00
1775 1.83390e+00
1776 1.83424e+00
1777 1.83458e+00
1778 1.83491e+00
1779 1.83525e+00
1780 1.83559e+00
1781 1.83592e+00
1782 1.83626e+00
1783 1.83659e+00
1784 1.83692e+00
1785 1.83726e+00
1786 1.83759e+00
1787 1.83792e+00
1788 1.83825e+00
1789 1.83858e+00
1790 1.83891e+00
1791 1.83924e+00
1792 1.83957e+00
1793 1.83990e+00
1794 1.84023e+00
1795 1.84056e+00
1796 1.84088e+00
1797 1.84121e+00
1798 1.84154e+00
1799 1.84186e+00
1800 1.84219e+00
1801 1.84251e+00
1802 1.84283e+00
1803 1.84316e+00
1804 1.84348e+00
1805 1.84380e+00
1806 1.84413e+00
1807 1.84445e+00
1808 1.84477e+00
1809 1.84509e+00
1810 1.84541e+00
1811 1.84573e+00
1812 1.84605e+00
1813 1.84637e+00
1814 1.84669e+00
1815 1.84700e+00
1816 1.84732e+00
1817 1.84764e+00
1818 1.84795e+00
1819 1.84827e+00
1820 1.84859e+00
1821 1.84890e+00
1822 1.84921e+00
1823 1.84953e+00
1824 1.84984e+00
1825 1.85016e+00
1826 1.85047e+00
1827 1.85078e+00
1828 1.85109e+00
1829 1.85141e+00
1830 1.85172e+00
1831 1.85203e+00
1832 1.85234e+00
1833 1.85265e+00
1834 1.85296e+00
1835 1.85327e+00
1836 1.85358e+00
1837 1.85389e+00
1838 1.85419e+00
1839 1.85450e+00
1840 1.85481e+00
1841 1.85512e+00
1842 1.85542e+00
1843 1.85573e+00
1844 1.85604e+00
1845 1.85634e+00
1846 1.85665e+00
1847 1.85695e+00
1848 1.85726e+00
1849 1.85756e+00
1850 1.85786e+00
1851 1.85817e+00
1852 1.85847e+00
1853 1.85877e+00
1854 1.85908e+00
1855 1.85938e+00
1856 1.85968e+00
1857 1.85998e+00
1858 1.86028e+00
1859 1.86058e+00
1860 1.86088e+00
1861 1.86118e+00
1862 1.86148e+00
1863 1.86178e+00
1864 1.86208e+00
1865 1.86238e+00
1866 1.86268e+00
1867 1.86298e+00
1868 1.86327e+00
1869 1.86357e+00
1870 1.86387e+00
1871 1.86417e+00
1872 1.86446e+00
1873 1.86476e+00
1874 1.86505e+00
1875 1.86535e+00
1876 1.86565e+00
1877 1.86594e+00
1878 1.86624e+00
1879 1.86653e+00
1880 1.86682e+00
1881 1.86712e+00
1882 1.86741e+00
1883 1.86770e+00
1884 1.86800e+00
1885 1.86829e+00
1886 1.86858e+00
1887 1.86888e+00
1888 1.86917e+00
1889 1.86946e+00
1890 1.86975e+00
1891 1.87004e+00
1892 1.87033e+00
1893 1.87062e+00
1894 1.87091e+00
1895 1.87120e+00
1896 1.87149e+00
1897 1.87178e+00
1898 1.87207e+00
1899 1.87236e+00
1900 1.87265e+00
1901 1.87294e+00
1902 1.87323e+00
1903 1.87351e+00
1904 1.87380e+00
1905 1.87409e+00
1906 1.87438e+00
1907 1.87466e+00
1908 1.87495e+00
1909 1.87524e+00
1910 1.87552e+00
1911 1.87581e+00
1912 1.87609e+00
1913 1.87638e+00
1914 1.87666e+00
1915 1.87695e+00
1916 1.87723e+00
1917 1.87752e+00
1918 1.87780e+00
1919 1.87808e+00
1920 1.87837e+00
1921 1.87865e+00
1922 1.87893e+00
1923 1.87922e+00
1924 1.87950e+00
1925 1.87978e+00
1926 1.88006e+00
1927 1.88035e+00
1928 1.88063e+00
1929 1.88091e+00
1930 1.88119e+00
1931 1.88147e+00
1932 1.88175e+00
1933 1.88203e+00
1934 1.88231e+00
1935 1.88259e+00
1936 1.88287e+00
1937 1.88315e+00
1938 1.88343e+00
1939 1.88371e+00
1940 1.88399e+00
1941 1.88426e+00
1942 1.88454e+00
1943 1.88482e+00
1944 1.88510e+00
1945 1.88537e+00
1946 1.88565e+00
1947 1.88593e+00
1948 1.88620e+00
1949 1.88648e+00
1950 1.88676e+00
1951 1.88703e+00
1952 1.88731e+00
1953 1.88758e+00
1954 1.88786e+00
1955 1.88813e+00
1956 1.88841e+00
1957 1.88868e+00
1958 1.88896e+00
1959 1.88923e+00
1960 1.88950e+00
1961 1.88978e+00
1962 1.89005e+00
1963 1.89032e+00
1964 1.89060e+00
1965 1.89087e+00
1966 1.89114e+00
1967 1.89141e+00
1968 1.89168e+00
1969 1.89195e+00
1970 1.89223e+00
1971 1.89250e+00
1972 1.89277e+00
1973 1.89304e+00
1974 1.89331e+00
1975 1.89358e+00
1976 1.89385e+00
1977 1.89412e+00
1978 1.89439e+00
1979 1.89466e+00
1980 1.89492e+00
1981 1.89519e+00
1982 1.89546e+00
1983 1.89573e+00
1984 1.89600e+00
1985 1.89626e+00
1986 1.89653e+00
1987 1.89680e+00
1988 1.89707e+00
1989 1.89733e+00
1990 1.89760e+00
1991 1.89786e+00
1992 1.89813e+00
1993 1.89840e+00
1994 1.89866e+00
1995 1.89893e+00
1996 1.89919e+00
1997 1.89946e+00
1998 1.89972e+00
1999 1.89999e+00
2000 1.90025e+00
2001 1.90051e+00
2002 1.90078e+00
2003 1.90104e+00
2004 1.90130e+00
2005 1.90157e+00
2006 1.90183e+00
2007 1.90209e+00
2008 1.90235e+00
2009 1.90262e+00
2010 1.90288e+00
2011 1.90314e+00
2012 1.90340e+00
2013 1.90366e+00
2014 1.90392e+00
2015 1.90418e+00
2016 1.90444e+00
2017 1.90470e+00
2018 1.90496e+00
2019 1.90522e+00
2020 1.90548e+00
2021 1.90574e+00
2022 1.90600e+00
2023 1.90626e+00
2024 1.90652e+00
2025 1.90678e+00
2026 1.90704e+00
2027 1.90729e+00
2028 1.90755e+00
2029 1.90781e+00
2030 1.90807e+00
2031 1.90832e+00
2032 1.90858e+00
2033 1.90884e+00
2034 1.90909e+00
2035 1.90935e+00
2036 1.90961e+00
2037 1.90986e+00
2038 1.91012e+00
2039 1.91037e+00
2040 1.91063e+00
2041 1.91089e+00
2042 1.91114e+00
2043 1.91140e+00
2044 1.91165e+00
2045 1.91190e+00
2046 1.91216e+00
2047 1.91241e+00
2048 1.91267e+00
2049 1.91292e+00
2050 1.91317e+00
2051 1.91343e+00
2052 1.91368e+00
2053 1.91393e+00
2054 1.91419e+00
2055 1.91444e+00
2056 1.91469e+00
2057 1.91494e+00
2058 1.91520e+00
2059 1.91545e+00
2060 1.91570e+00
2061 1.91595e+00
2062 1.91620e+00
2063 1.91645e+00
2064 1.91670e+00
2065 1.91696e+00
2066 1.91721e+00
2067 1.91746e+00
2068 1.91771e+00
2069 1.91796e+00
2070 1.91821e+00
2071 1.91846e+00
2072 1.91871e+00
2073 1.91896e+00
2074 1.91921e+00
2075 1.91945e+00
2076 1.91970e+00
2077 1.91995e+00
2078 1.92020e+00
2079 1.92045e+00
2080 1.92070e+00
2081 1.92095e+00
2082 1.92119e+00
2083 1.92144e+00
2084 1.92169e+00
2085 1.92194e+00
2086 1.92218e+00
2087 1.92243e+00
2088 1.92268e+00
2089 1.92292e+00
2090 1.92317e+00
2091 1.92342e+00
2092 1.92366e+00
2093 1.92391e+00
2094 1.92416e+00
2095 1.92440e+00
2096 1.92465e+00
2097 1.92489e+00
2098 1.92514e+00
2099 1.92538e+00
2100 1.92563e+00
2101 1.92587e+00
2102 1.92612e+00
2103 1.92636e+00
2104 1.92661e+00
2105 1.92685e+00
2106 1.92710e+00
2107 1.92734e+00
2108 1.92758e+00
2109 1.92783e+00
2110 1.92807e+00
2111 1.92831e+00
2112 1.92856e+00
2113 1.92880e+00
2114 1.92904e+00
2115 1.92928e+00
2116 1.92953e+00
2117 1.92977e+00
2118 1.93001e+00
2119 1.93025e+00
2120 1.93049e+00
2121 1.93074e+00
2122 1.93098e+00
2123 1.93122e+00
2124 1.93146e+00
2125 1.93170e+00
2126 1.93194e+00
2127 1.93218e+00
2128 1.93242e+00
2129 1.93266e+00
2130 1.93290e+00
2131 1.93314e+00
2132 1.93338e+00
2133 1.93362e+00
2134 1.93386e+00
2135 1.93410e+00
2136 1.93434e+00
2137 1.93457e+00
2138 1.93481e+00
2139 1.93505e+00
2140 1.93529e+00
2141 1.93553e+00
2142 1.93576e+00
2143 1.93600e+00
2144 1.93624e+00
2145 1.93648e+00
2146 1.93671e+00
2147 1.93695e+00
2148 1.93718e+00
2149 1.93742e+00
2150 1.93766e+00
2151 1.93789e+00
2152 1.93813e+00
2153 1.93836e+00
2154 1.93860e+00
2155 1.93883e+00
2156 1.93906e+00
2157 1.93930e+00
2158 1.93953e+00
2159 1.93977e+00
2160 1.94000e+00
2161 1.94023e+00
2162 1.94047e+00
2163 1.94070e+00
2164 1.94093e+00
2165 1.94116e+00
2166 1.94139e+00
2167 1.94162e+00
2168 1.94186e+00
2169 1.94209e+00
2170 1.94232e+00
2171 1.94255e+00
2172 1.94278e+00
2173 1.94301e+00
2174 1.94324e+00
2175 1.94347e+00
2176 1.94370e+00
2177 1.94392e+00
2178 1.94415e+00
2179 1.94438e+00
2180 1.94461e+00
2181 1.94483e+00
2182 1.94506e+00
2183 1.94529e+00
2184 1.94551e+00
2185 1.94574e+00
2186 1.94596e+00
2187 1.94619e+00
2188 1.94642e+00
2189 1.94664e+00
2190 1.94686e+00
2191 1.94709e+00
2192 1.94731e+00
2193 1.94753e+00
2194 1.94776e+00
2195 1.94798e+00
2196 1.94820e+00
2197 1.94842e+00
2198 1.94864e+00
2199 1.94887e+00
2200 1.94909e+00
2201 1.94931e+00
2202 1.94953e+00
2203 1.94974e+00
2204 1.94996e+00
2205 1.95018e+00
2206 1.95040e+00
2207 1.95062e+00
2208 1.95083e+00
2209 1.95105e+00
2210 1.95127e+00
2211 1.95148e+00
2212 1.95170e+00
2213 1.95191e+00
2214 1.95213e+00
2215 1.95234e+00
2216 1.95256e+00
2217 1.95277e+00
2218 1.95298e+00
2219 1.95319e+00
2220 1.95341e+00
2221 1.95362e+00
2222 1.95383e+00
2223 1.95404e+00
2224 1.95425e+00
2225 1.95446e+00
2226 1.95467e+00
2227 1.95488e+00
2228 1.95508e+00
2229 1.95529e+00
2230 1.95550e+00
2231 1.95571e+00
2232 1.95591e+00
2233 1.95612e+00
2234 1.95632e+00
2235 1.95653e+00
2236 1.95673e+00
2237 1.95693e+00
2238 1.95714e+00
2239 1.95734e+00
2240 1.95754e+00
2241 1.95774e+00
2242 1.95794e+00
2243 1.95814e+00
2244 1.95834e+00
2245 1.95854e+00
2246 1.95874e+00
2247 1.95894e+00
2248 1.95914e+00
2249 1.95933e+00
2250 1.95953e+00
2251 1.95973e+00
2252 1.95992e+00
2253 1.96012e+00
2254 1.96031e+00
2255 1.96050e+00
2256 1.96070e+00
2257 1.96089e+00
2258 1.96108e+00
2259 1.96127e+00
2260 1.96146e+00
2261 1.96165e+00
2262 1.96184e+00
2263 1.96203e+00
2264 1.96222e+00
2265 1.96241e+00
2266 1.96260e+00
2267 1.96278e+00
2268 1.96297e+00
2269 1.96316e+00
2270 1.96334e+00
2271 1.96352e+00
2272 1.96371e+00
2273 1.96389e+00
2274 1.96407e+00
2275 1.96426e+00
2276 1.96444e+00
2277 1.96462e+00
2278 1.96480e+00
2279 1.96498e+00
2280 1.96516e+00
2281 1.96534e+00
2282 1.96551e+00
2283 1.96569e+00
2284 1.96587e+00
2285 1.96604e+00
2286 1.96622e+00
2287 1.96639e+00
2288 1.96657e+00
2289 1.96674e+00
2290 1.96691e+00
2291 1.96709e+00
2292 1.96726e+00
2293 1.96743e+00
2294 1.96760e+00
2295 1.96777e+00
2296 1.96794e+00
2297 1.96811e+00
2298 1.96828e+00
2299 1.96844e+00
2300 1.96861e+00
2301 1.96878e+00
2302 1.96894e+00
2303 1.96911e+00
2304 1.96927e+00
2305 1.96944e+00
2306 1.96960e+00
2307 1.96976e+00
2308 1.96992e+00
2309 1.97009e+00
2310 1.97025e+00
2311 1.97041e+00
2312 1.97057e+00
2313 1.97073e+00
2314 1.97089e+00
2315 1.97104e+00
2316 1.97120e+00
2317 1.97136e+00
2318 1.97151e+00
2319 1.97167e+00
2320 1.97183e+00
2321 1.97198e+00
2322 1.97213e+00
2323 1.97229e+00
2324 1.97244e+00
2325 1.97259e+00
2326 1.97274e+00
2327 1.97290e+00
2328 1.97305e+00
2329 1.97320e+00
2330 1.97335e+00
2331 1.97350e+00
2332 1.97364e+00
2333 1.97379e+00
2334 1.97394e+00
2335 1.97409e+00
2336 1.97423e+00
2337 1.97438e+00
2338 1.97452e+00
2339 1.97467e+00
2340 1.97481e+00
2341 1.97496e+00
2342 1.97510e+00
2343 1.97524e+00
2344 1.97539e+00
2345 1.97553e+00
2346 1.97567e+00
2347 1.97581e+00
2348 1.97595e+00
2349 1.97609e+00
2350 1.97623e+00
2351 1.97637e+00
2352 1.97651e+00
2353 1.97665e+00
2354 1.97679e+00
2355 1.97692e+00
2356 1.97706e+00
2357 1.97720e+00
2358 1.97733e+00
2359 1.97747e+00
2360 1.97760e+00
2361 1.97774e+00
2362 1.97787e+00
2363 1.97800e+00
2364 1.97814e+00
2365 1.97827e+00
2366 1.97840e+00
2367 1.97853e+00
2368 1.97867e+00
2369 1.97880e+00
2370 1.97893e+00
2371 1.97906e+00
2372 1.97919e+00
2373 1.97932e+00
2374 1.97945e+00
2375 1.97958e+00
2376 1.97971e+00
2377 1.97984e+00
2378 1.97996e+00
2379 1.98009e+00
2380 1.98022e+00
2381 1.98035e+00
2382 1.98047e+00
2383 1.98060e+00
2384 1.98073e+00
2385 1.98085e+00
2386 1.98098e+00
2387 1.98110e+00
2388 1.98123e+00
2389 1.98135e+00
2390 1.98148e+00
2391 1.98160e+00
2392 1.98172e+00
2393 1.98185e+00
2394 1.98197e+00
2395 1.98209e+00
2396 1.98222e+00
2397 1.98234e+00
2398 1.98246e+00
2399 1.98258e+00
2400 1.98270e+00
2401 1.98282e+00
2402 1.98295e+00
2403 1.98307e+00
2404 1.98319e+00
2405 1.98331e+00
2406 1.98343e+00
2407 1.98355e+00
2408 1.98367e+00
2409 1.98379e+00
2410 1.98391e+00
2411 1.98403e+00
2412 1.98415e+00
2413 1.98427e+00
2414 1.98439e+00
2415 1.98450e+00
2416 1.98462e+00
2417 1.98474e+00
2418 1.98486e+00
2419 1.98498e+00
2420 1.98510e+00
2421 1.98521e+00
2422 1.98533e+00
2423 1.98545e+00
2424 1.98557e+00
2425 1.98569e+00
2426 1.98580e+00
2427 1.98592e+00
2428 1.98604e+00
2429 1.98615e+00
2430 1.98627e+00
2431 1.98639e+00
2432 1.98651e+00
2433 1.98662e+00
2434 1.98674e+00
2435 1.98686e+00
2436 1.98697e+00
2437 1.98709e+00
2438 1.98720e+00
2439 1.98732e+00
2440 1.98744e+00
2441 1.98755e+00
2442 1.98767e+00
2443 1.98779e+00
2444 1.98790e+00
2445 1.98802e+00
2446 1.98814e+00
2447 1.98825e+00
2448 1.98837e+00
2449 1.98848e+00
2450 1.98860e+00
2451 1.98872e+00
2452 1.98883e+00
2453 1.98895e+00
2454 1.98907e+00
2455 1.98918e+00
2456 1.98930e+00
2457 1.98942e+00
2458 1.98953e+00
2459 1.98965e+00
2460 1.98976e+00
2461 1.98988e+00
2462 1.99000e+00
2463 1.99011e+00
2464 1.99023e+00
2465 1.99035e+00
2466 1.99046e+00
2467 1.99058e+00
2468 1.99070e+00
2469 1.99082e+00
2470 1.99093e+00
2471 1.99105e+00
2472 1.99117e+00
2473 1.99128e+00
2474 1.99140e+00
2475 1.99152e+00
2476 1.99164e+00
2477 1.99175e+00
2478 1.99187e+00
2479 1.99199e+00
2480 1.99211e+00
2481 1.99223e+00
2482 1.99234e+00
2483 1.99246e+00
2484 1.99258e+00
2485 1.99270e+00
2486 1.99282e+00
2487 1.99294e+00
2488 1.99306e+00
2489 1.99317e+00
2490 1.99329e+00
2491 1.99341e+00
2492 1.99353e+00
2493 1.99365e+00
2494 1.99377e+00
2495 1.99389e+00
2496 1.99401e+00
2497 1.99413e+00
2498 1.99425e+00
2499 1.99437e+00
2500 1.99449e+00
2501 1.99461e+00
2502 1.99473e+00
2503 1.99485e+00
2504 1.99497e+00
2505 1.99510e+00
2506 1.99522e+00
2507 1.99534e+00
2508 1.99546e+00
2509 1.99558e+00
2510 1.99570e+00
2511 1.99583e+00
2512 1.99595e+00
2513 1.99607e+00
2514 1.99619e+00
2515 1.99632e+00
2516 1.99644e+00
2517 1.99656e+00
2518 1.99668e+00
2519 1.99681e+00
2520 1.99693e+00
2521 1.99706e+00
2522 1.99718e+00
2523 1.99730e+00
2524 1.99743e+00
2525 1.99755e+00
2526 1.99768e+00
2527 1.99780e+00
2528 1.99793e+00
2529 1.99805e+00
2530 1.99818e+00
2531 1.99830e+00
2532 1.99843e+00
2533 1.99855e+00
2534 1.99868e+00
2535 1.99881e+00
2536 1.99893e+00
2537 1.99906e+00
2538 1.99918e+00
2539 1.99931e+00
2540 1.99944e+00
2541 1.99957e+00
2542 1.99969e+00
2543 1.99982e+00
2544 1.99995e+00
2545 2.00008e+00
2546 2.00020e+00
2547 2.00033e+00
2548 2.00046e+00
2549 2.00059e+00
2550 2.00072e+00
2551 2.00085e+00
2552 2.00098e+00
2553 2.00111e+00
2554 2.00123e+00
2555 2.00136e+00
2556 2.00149e+00
2557 2.00162e+00
2558 2.00175e+00
2559 2.00188e+00
2560 2.00201e+00
2561 2.00215e+00
2562 2.00228e+00
2563 2.00241e+00
2564 2.00254e+00
2565 2.00267e+00
2566 2.00280e+00
2567 2.00293e+00
2568 2.00306e+00
2569 2.00319e+00
2570 2.00333e+00
2571 2.00346e+00
2572 2.00359e+00
2573 2.00372e+00
2574 2.00386e+00
2575 2.00399e+00
2576 2.00412e+00
2577 2.00425e+00
2578 2.00439e+00
2579 2.00452e+00
2580 2.00465e+00
2581 2.00479e+00
2582 2.00492e+00
2583 2.00505e+00
2584 2.00519e+00
2585 2.00532e+00
2586 2.00546e+00
2587 2.00559e+00
2588 2.00572e+00
2589 2.00586e+00
2590 2.00599e+00
2591 2.00613e+00
2592 2.00626e+00
2593 2.00640e+00
2594 2.00653e+00
2595 2.00667e+00
2596 2.00680e+00
2597 2.00694e+00
2598 2.00708e+00
2599 2.00721e+00
2600 2.00735e+00
2601 2.00748e+00
2602 2.00762e+00
2603 2.00776e+00
2604 2.00789e+00
2605 2.00803e+00
2606 2.00816e+00
2607 2.00830e+00
2608 2.00844e+00
2609 2.00857e+00
2610 2.00871e+00
2611 2.00885e+00
2612 2.00899e+00
2613 2.00912e+00
2614 2.00926e+00
2615 2.00940e+00
2616 2.00953e+00
2617 2.00967e+00
2618 2.00981e+00
2619 2.00995e+00
2620 2.01008e+00
2621 2.01022e+00
2622 2.01036e+00
2623 2.01050e+00
2624 2.01064e+00
2625 2.01077e+00
2626 2.01091e+00
2627 2.01105e+00
2628 2.01119e+00
2629 2.01133e+00
2630 2.01146e+00
2631 2.01160e+00
2632 2.01174e+00
2633 2.01188e+00
2634 2.01202e+00
2635 2.01216e+00
2636 2.01230e+00
2637 2.01243e+00
2638 2.01257e+00
2639 2.01271e+00
2640 2.01285e+00
2641 2.01299e+00
2642 2.01313e+00
2643 2.01327e+00
2644 2.01341e+00
2645 2.01354e+00
2646 2.01368e+00
2647 2.01382e+00
2648 2.01396e+00
2649 2.01410e+00
2650 2.01424e+00
2651 2.01438e+00
2652 2.01452e+00
2653 2.01466e+00
2654 2.01480e+00
2655 2.01493e+00
2656 2.01507e+00
2657 2.01521e+00
2658 2.01535e+00
2659 2.01549e+00
2660 2.01563e+00
2661 2.01577e+00
2662 2.01591e+00
2663 2.01605e+00
2664 2.01619e+00
2665 2.01632e+00
2666 2.01646e+00
2667 2.01660e+00
2668 2.01674e+00
2669 2.01688e+00
2670 2.01702e+00
2671 2.01716e+00
2672 2.01730e+00
2673 2.01744e+00
2674 2.01757e+00
2675 2.01771e+00
2676 2.01785e+00
2677 2.01799e+00
2678 2.01813e+00
2679 2.01827e+00
2680 2.01841e+00
2681 2.01855e+00
2682 2.01868e+00
2683 2.01882e+00
2684 2.01896e+00
2685 2.01910e+00
2686 2.01924e+00
2687 2.01938e+00
2688 2.01951e+00
2689 2.01965e+00
2690 2.01979e+00
2691 2.01993e+00
2692 2.02007e+00
2693 2.02020e+00
2694 2.02034e+00
2695 2.02048e+00
2696 2.02062e+00
2697 2.02076e+00
2698 2.02089e+00
2699 2.02103e+00
2700 2.02117e+00
2701 2.02131e+00
2702 2.02144e+00
2703 2.02158e+00
2704 2.02172e+00
2705 2.02185e+00
2706 2.02199e+00
2707 2.02213e+00
2708 2.02226e+00
2709 2.02240e+00
2710 2.02254e+00
2711 2.02267e+00
2712 2.02281e+00
2713 2.02295e+00
2714 2.02308e+00
2715 2.02322e+00
2716 2.02335e+00
2717 2.02349e+00
2718 2.02363e+00
2719 2.02376e+00
2720 2.02390e+00
2721 2.02403e+00
2722 2.02417e+00
2723 2.02430e+00
2724 2.02444e+00
2725 2.02457e+00
2726 2.02471e+00
2727 2.02484e+00
2728 2.02498e+00
2729 2.02511e+00
2730 2.02525e+00
2731 2.02538e+00
2732 2.02552e+00
2733 2.02565e+00
2734 2.02578e+00
2735 2.02592e+00
2736 2.02605e+00
2737 2.02618e+00
2738 2.02632e+00
2739 2.02645e+00
2740 2.02658e+00
2741 2.02672e+00
2742 2.02685e+00
2743 2.02698e+00
2744 2.02712e+00
2745 2.02725e+00
2746 2.02738e+00
2747 2.02751e+00
2748 2.02764e+00
2749 2.02778e+00
2750 2.02791e+00
2751 2.02804e+00
2752 2.02817e+00
2753 2.02830e+00
2754 2.02843e+00
2755 2.02856e+00
2756 2.02869e+00
2757 2.02882e+00
2758 2.02895e+00
2759 2.02908e+00
2760 2.02922e+00
2761 2.02935e+00
2762 2.02947e+00
2763 2.02960e+00
2764 2.02973e+00
2765 2.02986e+00
2766 2.02999e+00
2767 2.03012e+00
2768 2.03025e+00
2769 2.03038e+00
2770 2.03051e+00
2771 2.03063e+00
2772 2.03076e+00
2773 2.03089e+00
2774 2.03102e+00
2775 2.03115e+00
2776 2.03127e+00
2777 2.03140e+00
2778 2.03153e+00
2779 2.03165e+00
2780 2.03178e+00
2781 2.03191e+00
2782 2.03203e+00
2783 2.03216e+00
2784 2.03229e+00
2785 2.03241e+00
2786 2.03254e+00
2787 2.03266e+00
2788 2.03279e+00
2789 2.03291e+00
2790 2.03304e+00
2791 2.03316e+00
2792 2.03329e+00
2793 2.03341e+00
2794 2.03354e+00
2795 2.03366e+00
2796 2.03378e+00
2797 2.03391e+00
2798 2.03403e+00
2799 2.03415e+00
2800 2.03428e+00
2801 2.03440e+00
2802 2.03452e+00
2803 2.03465e+00
2804 2.03477e+00
2805 2.03489e+00
2806 2.03501e+00
2807 2.03513e+00
2808 2.03526e+00
2809 2.03538e+00
2810 2.03550e+00
2811 2.03562e+00
2812 2.03574e+00
2813 2.03586e+00
2814 2.03598e+00
2815 2.03610e+00
2816 2.03622e+00
2817 2.03634e+00
2818 2.03646e+00
2819 2.03658e+00
2820 2.03670e+00
2821 2.03682e+00
2822 2.03694e+00
2823 2.03706e+00
2824 2.03718e+00
2825 2.03730e+00
2826 2.03741e+00
2827 2.03753e+00
2828 2.03765e+00
2829 2.03777e+00
2830 2.03789e+00
2831 2.03800e+00
2832 2.03812e+00
2833 2.03824e+00
2834 2.03835e+00
2835 2.03847e+00
2836 2.03859e+00
2837 2.03871e+00
2838 2.03882e+00
2839 2.03894e+00
2840 2.03905e+00
2841 2.03917e+00
2842 2.03929e+00
2843 2.03940e+00
2844 2.03952e+00
2845 2.03963e+00
2846 2.03975e+00
2847 2.03986e+00
2848 2.03998e+00
2849 2.04009e+00
2850 2.04021e+00
2851 2.04032e+00
2852 2.04043e+00
2853 2.04055e+00
2854 2.04066e+00
2855 2.04078e+00
2856 2.04089e+00
2857 2.04100e+00
2858 2.04112e+00
2859 2.04123e+00
2860 2.04134e+00
2861 2.04146e+00
2862 2.04157e+00
2863 2.04168e+00
2864 2.04179e+00
2865 2.04191e+00
2866 2.04202e+00
2867 2.04213e+00
2868 2.04224e+00
2869 2.04236e+00
2870 2.04247e+00
2871 2.04258e+00
2872 2.04269e+00
2873 2.04280e+00
2874 2.04292e+00
2875 2.04303e+00
2876 2.04314e+00
2877 2.04325e+00
2878 2.04336e+00
2879 2.04347e+00
2880 2.04358e+00
2881 2.04369e+00
2882 2.04381e+00
2883 2.04392e+00
2884 2.04403e+00
2885 2.04414e+00
2886 2.04425e+00
2887 2.04436e+00
2888 2.04447e+00
2889 2.04458e+00
2890 2.04469e+00
2891 2.04480e+00
2892 2.04491e+00
2893 2.04502e+00
2894 2.04513e+00
2895 2.04524e+00
2896 2.04535e+00
2897 2.04546e+00
2898 2.04557e+00
2899 2.04568e+00
2900 2.04579e+00
2901 2.04590e+00
2902 2.04601e+00
2903 2.04612e+00
2904 2.04623e+00
2905 2.04634e+00
2906 2.04645e+00
2907 2.04656e+00
2908 2.04667e+00
2909 2.04678e+00
2910 2.04689e+00
2911 2.04699e+00
2912 2.04710e+00
2913 2.04721e+00
2914 2.04732e+00
2915 2.04743e+00
2916 2.04754e+00
2917 2.04765e+00
2918 2.04776e+00
2919 2.04787e+00
2920 2.04798e+00
2921 2.04809e+00
2922 2.04820e+00
2923 2.04831e+00
2924 2.04842e+00
2925 2.04853e+00
2926 2.04864e+00
2927 2.04875e+00
2928 2.04886e+00
2929 2.04897e+00
2930 2.04908e+00
2931 2.04919e+00
2932 2.04930e+00
2933 2.04941e+00
2934 2.04952e+00
2935 2.04963e+00
2936 2.04974e+00
2937 2.04985e+00
2938 2.04996e+00
2939 2.05007e+00
2940 2.05018e+00
2941 2.05029e+00
2942 2.05040e+00
2943 2.05051e+00
2944 2.05062e+00
2945 2.05073e+00
2946 2.05084e+00
2947 2.05095e+00
2948 2.05106e+00
2949 2.05117e+00
2950 2.05129e+00
2951 2.05140e+00
2952 2.05151e+00
2953 2.05162e+00
2954 2.05173e+00
2955 2.05184e+00
2956 2.05195e+00
2957 2.05207e+00
2958 2.05218e+00
2959 2.05229e+00
2960 2.05240e+00
2961 2.05251e+00
2962 2.05263e+00
2963 2.05274e+00
2964 2.05285e+00
2965 2.05296e+00
2966 2.05308e+00
2967 2.05319e+00
2968 2.05330e+00
2969 2.05341e+00
2970 2.05353e+00
2971 2.05364e+00
2972 2.05375e+00
2973 2.05387e+00
2974 2.05398e+00
2975 2.05409e+00
2976 2.05421e+00
2977 2.05432e+00
2978 2.05444e+00
2979 2.05455e+00
2980 2.05466e+00
2981 2.05478e+00
2982 2.05489e+00
2983 2.05501e+00
2984 2.05512e+00
2985 2.05524e+00
2986 2.05535e+00
2987 2.05547e+00
2988 2.05558e+00
2989 2.05570e+00
2990 2.05581e+00
2991 2.05593e+00
2992 2.05604e+00
2993 2.05616e+00
2994 2.05628e+00
2995 2.05639e+00
2996 2.05651e+00
2997 2.05662e+00
2998 2.05674e+00
2999 2.05686e+00
3000 2.05697e+00
3001 2.05709e+00
3002 2.05721e+00
3003 2.05732e+00
3004 2.05744e+00
3005 2.05756e+00
3006 2.05767e+00
3007 2.05779e+00
3008 2.05791e+00
3009 2.05803e+00
3010 2.05814e+00
3011 2.05826e+00
3012 2.05838e+00
3013 2.05850e+00
3014 2.05862e+00
3015 2.05873e+00
3016 2.05885e+00
3017 2.05897e+00
3018 2.05909e+00
3019 2.05921e+00
3020 2.05933e+00
3021 2.05945e+00
3022 2.05957e+00
3023 2.05968e+00
3024 2.05980e+00
3025 2.05992e+00
3026 2.06004e+00
3027 2.06016e+00
3028 2.06028e+00
3029 2.06040e+00
3030 2.06052e+00
3031 2.06064e+00
3032 2.06076e+00
3033 2.06088e+00
3034 2.06100e+00
3035 2.06112e+00
3036 2.06124e+00
3037 2.06136e+00
3038 2.06148e+00
3039 2.06160e+00
3040 2.06172e+00
3041 2.06184e+00
3042 2.06196e+00
3043 2.06208e+00
3044 2.06220e+00
3045 2.06232e+00
3046 2.06244e+00
3047 2.06256e+00
3048 2.06268e+00
3049 2.06280e+00
3050 2.06292e+00
3051 2.06304e+00
3052 2.06316e+00
3053 2.06328e+00
3054 2.06340e+00
3055 2.06352e+00
3056 2.06364e+00
3057 2.06376e+00
3058 2.06388e+00
3059 2.06400e+00
3060 2.06412e+00
3061 2.06424e+00
3062 2.06436e+00
3063 2.06448e+00
3064 2.06460e+00
3065 2.06472e+00
3066 2.06484e+00
3067 2.06496e+00
3068 2.06508e+00
3069 2.06520e+00
3070 2.06532e+00
3071 2.06544e+00
3072 2.06556e+00
3073 2.06568e+00
3074 2.06580e+00
3075 2.06592e+00
3076 2.06604e+00
3077 2.06616e+00
3078 2.06628e+00
3079 2.06640e+00
3080 2.06652e+00
3081 2.06664e+00
3082 2.06676e+00
3083 2.06688e+00
3084 2.06700e+00
3085 2.06711e+00
3086 2.06723e+00
3087 2.06735e+00
3088 2.06747e+00
3089 2.06759e+00
3090 2.06771e+00
3091 2.06782e+00
3092 2.06794e+00
3093 2.06806e+00
3094 2.06818e+00
3095 2.06829e+00
3096 2.06841e+00
3097 2.06853e+00
3098 2.06865e+00
3099 2.06876e+00
3100 2.06888e+00
3101 2.06900e+00
3102 2.06911e+00
3103 2.06923e+00
3104 2.06934e+00
3105 2.06946e+00
3106 2.06958e+00
3107 2.06969e+00
3108 2.06981e+00
3109 2.06992e+00
3110 2.07004e+00
3111 2.07015e+00
3112 2.07026e+00
3113 2.07038e+00
3114 2.07049e+00
3115 2.07061e+00
3116 2.07072e+00
3117 2.07083e+00
3118 2.07095e+00
3119 2.07106e+00
3120 2.07117e+00
3121 2.07128e+00
3122 2.07139e+00
3123 2.07151e+00
3124 2.07162e+00
3125 2.07173e+00
3126 2.07184e+00
3127 2.07195e+00
3128 2.07206e+00
3129 2.07217e+00
3130 2.07228e+00
3131 2.07239e+00
3132 2.07250e+00
3133 2.07261e+00
3134 2.07272e+00
3135 2.07283e+00
3136 2.07293e+00
3137 2.07304e+00
3138 2.07315e+00
3139 2.07326e+00
3140 2.07336e+00
3141 2.07347e+00
3142 2.07358e+00
3143 2.07368e+00
3144 2.07379e+00
3145 2.07390e+00
3146 2.07400e+00
3147 2.07410e+00
3148 2.07421e+00
3149 2.07431e+00
3150 2.07442e+00
3151 2.07452e+00
3152 2.07462e+00
3153 2.07473e+00
3154 2.07483e+00
3155 2.07493e+00
3156 2.07503e+00
3157 2.07514e+00
3158 2.07524e+00
3159 2.07534e+00
3160 2.07544e+00
3161 2.07554e+00
3162 2.07564e+00
3163 2.07574e+00
3164 2.07584e+00
3165 2.07594e+00
3166 2.07603e+00
3167 2.07613e+00
3168 2.07623e+00
3169 2.07633e+00
3170 2.07643e+00
3171 2.07652e+00
3172 2.07662e+00
3173 2.07671e+00
3174 2.07681e+00
3175 2.07690e+00
3176 2.07700e+00
3177 2.07709e+00
3178 2.07719e+00
3179 2.07728e+00
3180 2.07738e+00
3181 2.07747e+00
3182 2.07756e+00
3183 2.07765e+00
3184 2.07775e+00
3185 2.07784e+00
3186 2.07793e+00
3187 2.07802e+00
3188 2.07811e+00
3189 2.07820e+00
3190 2.07829e+00
3191 2.07838e+00
3192 2.07847e+00
3193 2.07856e+00
3194 2.07865e+00
3195 2.07873e+00
3196 2.07882e+00
3197 2.07891e+00
3198 2.07899e+00
3199 2.07908e+00
3200 2.07917e+00
3201 2.07925e+00
3202 2.07934e+00
3203 2.07942e+00
3204 2.07951e+00
3205 2.07959e+00
3206 2.07967e+00
3207 2.07976e+00
3208 2.07984e+00
3209 2.07992e+00
3210 2.08000e+00
3211 2.08009e+00
3212 2.08017e+00
3213 2.08025e+00
3214 2.08033e+00
3215 2.08041e+00
3216 2.08049e+00
3217 2.08057e+00
3218 2.08065e+00
3219 2.08073e+00
3220 2.08081e+00
3221 2.08088e+00
3222 2.08096e+00
3223 2.08104e+00
3224 2.08112e+00
3225 2.08119e+00
3226 2.08127e+00
3227 2.08135e+00
3228 2.08142e+00
3229 2.08150e+00
3230 2.08157e+00
3231 2.08165e+00
3232 2.08172e+00
3233 2.08179e+00
3234 2.08187e+00
3235 2.08194e+00
3236 2.08201e+00
3237 2.08208e+00
3238 2.08216e+00
3239 2.08223e+00
3240 2.08230e+00
3241 2.08237e+00
3242 2.08244e+00
3243 2.08251e+00
3244 2.08258e+00
3245 2.08265e+00
3246 2.08272e+00
3247 2.08279e+00
3248 2.08286e+00
3249 2.08292e+00
3250 2.08299e+00
3251 2.08306e+00
3252 2.08313e+00
3253 2.08319e+00
3254 2.08326e+00
3255 2.08332e+00
3256 2.08339e+00
3257 2.08346e+00
3258 2.08352e+00
3259 2.08359e+00
3260 2.08365e+00
3261 2.08371e+00
3262 2.08378e+00
3263 2.08384e+00
3264 2.08390e+00
3265 2.08396e+00
3266 2.08403e+00
3267 2.08409e+00
3268 2.08415e+00
3269 2.08421e+00
3270 2.08427e+00
3271 2.08433e+00
3272 2.08439e+00
3273 2.08445e+00
3274 2.08451e+00
3275 2.08457e+00
3276 2.08463e+00
3277 2.08469e+00
3278 2.08475e+00
3279 2.08481e+00
3280 2.08486e+00
3281 2.08492e+00
3282 2.08498e+00
3283 2.08503e+00
3284 2.08509e+00
3285 2.08515e+00
3286 2.08520e+00
3287 2.08526e+00
3288 2.08531e+00
3289 2.08537e+00
3290 2.08542e+00
3291 2.08548e+00
3292 2.08553e+00
3293 2.08558e+00
3294 2.08564e+00
3295 2.08569e+00
3296 2.08574e+00
3297 2.08579e+00
3298 2.08584e+00
3299 2.08590e+00
3300 2.08595e+00
3301 2.08600e+00
3302 2.08605e+00
3303 2.08610e+00
3304 2.08615e+00
3305 2.08620e+00
3306 2.08625e+00
3307 2.08630e+00
3308 2.08635e+00
3309 2.08640e+00
3310 2.08644e+00
3311 2.08649e+00
3312 2.08654e+00
3313 2.08659e+00
3314 2.08663e+00
3315 2.08668e+00
3316 2.08673e+00
3317 2.08677e+00
3318 2.08682e+00
3319 2.08687e+00
3320 2.08691e+00
3321 2.08695e+00
3322 2.08700e+00
3323 2.08704e+00
3324 2.08709e+00
3325 2.08713e+00
3326 2.08718e+00
3327 2.08722e+00
3328 2.08726e+00
3329 2.08730e+00
3330 2.08735e+00
3331 2.08739e+00
3332 2.08743e+00
3333 2.08747e+00
3334 2.08751e+00
3335 2.08755e+00
3336 2.08759e+00
3337 2.08764e+00
3338 2.08768e+00
3339 2.08771e+00
3340 2.08776e+00
3341 2.08779e+00
3342 2.08783e+00
3343 2.08787e+00
3344 2.08791e+00
3345 2.08795e+00
3346 2.08799e+00
3347 2.08802e+00
3348 2.08806e+00
3349 2.08810e+00
3350 2.08813e+00
3351 2.08817e+00
3352 2.08821e+00
3353 2.08824e+00
3354 2.08828e+00
3355 2.08831e+00
3356 2.08835e+00
3357 2.08838e+00
3358 2.08842e+00
3359 2.08845e+00
3360 2.08849e+00
3361 2.08852e+00
3362 2.08855e+00
3363 2.08859e+00
3364 2.08862e+00
3365 2.08865e+00
3366 2.08868e+00
3367 2.08872e+00
3368 2.08875e+00
3369 2.08878e+00
3370 2.08881e+00
3371 2.08884e+00
3372 2.08887e+00
3373 2.08890e+00
3374 2.08893e+00
3375 2.08896e+00
3376 2.08899e+00
3377 2.08902e+00
3378 2.08905e+00
3379 2.08908e+00
3380 2.08911e+00
3381 2.08914e+00
3382 2.08916e+00
3383 2.08919e+00
3384 2.08922e+00
3385 2.08925e+00
3386 2.08927e+00
3387 2.08930e+00
3388 2.08933e+00
3389 2.08936e+00
3390 2.08938e+00
3391 2.08941e+00
3392 2.08943e+00
3393 2.08946e+00
3394 2.08948e+00
3395 2.08951e+00
3396 2.08953e+00
3397 2.08956e+00
3398 2.08958e+00
3399 2.08961e+00
3400 2.08963e+00
3401 2.08965e+00
3402 2.08968e+00
3403 2.08970e+00
3404 2.08972e+00
3405 2.08974e+00
3406 2.08977e+00
3407 2.08979e+00
3408 2.08981e+00
3409 2.08983e+00
3410 2.08986e+00
3411 2.08988e+00
3412 2.08990e+00
3413 2.08992e+00
3414 2.08994e+00
3415 2.08996e+00
3416 2.08998e+00
3417 2.09000e+00
3418 2.09002e+00
3419 2.09004e+00
3420 2.09006e+00
3421 2.09008e+00
3422 2.09010e+00
3423 2.09012e+00
3424 2.09014e+00
3425 2.09015e+00
3426 2.09017e+00
3427 2.09019e+00
3428 2.09021e+00
3429 2.09023e+00
3430 2.09025e+00
3431 2.09026e+00
3432 2.09028e+00
3433 2.09030e+00
3434 2.09031e+00
3435 2.09033e+00
3436 2.09035e+00
3437 2.09037e+00
3438 2.09038e+00
3439 2.09040e+00
3440 2.09041e+00
3441 2.09043e+00
3442 2.09045e+00
3443 2.09046e+00
3444 2.09048e+00
3445 2.09049e+00
3446 2.09051e+00
3447 2.09052e+00
3448 2.09054e+00
3449 2.09055e+00
3450 2.09057e+00
3451 2.09058e+00
3452 2.09060e+00
3453 2.09061e+00
3454 2.09063e+00
3455 2.09064e+00
3456 2.09066e+00
3457 2.09067e+00
3458 2.09068e+00
3459 2.09070e+00
3460 2.09071e+00
3461 2.09072e+00
3462 2.09074e+00
3463 2.09075e+00
3464 2.09077e+00
3465 2.09078e+00
3466 2.09079e+00
3467 2.09081e+00
3468 2.09082e+00
3469 2.09083e+00
3470 2.09085e+00
3471 2.09086e+00
3472 2.09087e+00
3473 2.09088e+00
3474 2.09090e+00
3475 2.09091e+00
3476 2.09092e+00
3477 2.09094e+00
3478 2.09095e+00
3479 2.09096e+00
3480 2.09098e+00
3481 2.09099e+00
3482 2.09100e+00
3483 2.09101e+00
3484 2.09103e+00
3485 2.09104e+00
3486 2.09105e+00
3487 2.09106e+00
3488 2.09108e+00
3489 2.09109e+00
3490 2.09110e+00
3491 2.09112e+00
3492 2.09113e+00
3493 2.09114e+00
3494 2.09115e+00
3495 2.09117e+00
3496 2.09118e+00
3497 2.09119e+00
3498 2.09121e+00
3499 2.09122e+00
3500 2.09123e+00
3501 2.09125e+00
3502 2.09126e+00
3503 2.09127e+00
3504 2.09128e+00
3505 2.09130e+00
3506 2.09131e+00
3507 2.09133e+00
3508 2.09134e+00
3509 2.09135e+00
3510 2.09137e+00
3511 2.09138e+00
3512 2.09139e+00
3513 2.09141e+00
3514 2.09142e+00
3515 2.09144e+00
3516 2.09145e+00
3517 2.09147e+00
3518 2.09148e+00
3519 2.09150e+00
3520 2.09151e+00
3521 2.09152e+00
3522 2.09154e+00
3523 2.09156e+00
3524 2.09157e+00
3525 2.09159e+00
3526 2.09160e+00
3527 2.09162e+00
3528 2.09163e+00
3529 2.09165e+00
3530 2.09167e+00
3531 2.09168e+00
3532 2.09170e+00
3533 2.09172e+00
3534 2.09173e+00
3535 2.09175e+00
3536 2.09177e+00
3537 2.09178e+00
3538 2.09180e+00
3539 2.09182e+00
3540 2.09184e+00
3541 2.09185e+00
3542 2.09187e+00
3543 2.09189e+00
3544 2.09191e+00
3545 2.09193e+00
3546 2.09195e+00
3547 2.09197e+00
3548 2.09199e+00
3549 2.09201e+00
3550 2.09203e+00
3551 2.09205e+00
3552 2.09207e+00
3553 2.09209e+00
3554 2.09211e+00
3555 2.09213e+00
3556 2.09215e+00
3557 2.09217e+00
3558 2.09219e+00
3559 2.09222e+00
3560 2.09224e+00
3561 2.09226e+00
3562 2.09228e+00
3563 2.09231e+00
3564 2.09233e+00
3565 2.09235e+00
3566 2.09238e+00
3567 2.09240e+00
3568 2.09242e+00
3569 2.09245e+00
3570 2.09247e+00
3571 2.09250e+00
3572 2.09252e+00
3573 2.09255e+00
3574 2.09258e+00
3575 2.09260e+00
3576 2.09263e+00
3577 2.09265e+00
3578 2.09268e+00
3579 2.09271e+00
3580 2.09274e+00
3581 2.09277e+00
3582 2.09279e+00
3583 2.09282e+00
3584 2.09285e+00
3585 2.09288e+00
3586 2.09291e+00
3587 2.09294e+00
3588 2.09297e+00
3589 2.09300e+00
3590 2.09303e+00
3591 2.09306e+00
3592 2.09309e+00
3593 2.09312e+00
3594 2.09315e+00
3595 2.09318e+00
3596 2.09322e+00
3597 2.09325e+00
3598 2.09328e+00
3599 2.09332e+00
3600 2.09335e+00
3601 2.09338e+00
3602 2.09342e+00
3603 2.09345e+00
3604 2.09349e+00
3605 2.09352e+00
3606 2.09356e+00
3607 2.09359e+00
3608 2.09363e+00
3609 2.09367e+00
3610 2.09370e+00
3611 2.09374e+00
3612 2.09378e+00
3613 2.09382e+00
3614 2.09386e+00
3615 2.09389e+00
3616 2.09393e+00
3617 2.09397e+00
3618 2.09401e+00
3619 2.09405e+00
3620 2.09409e+00
3621 2.09413e+00
3622 2.09417e+00
3623 2.09421e+00
3624 2.09426e+00
3625 2.09430e+00
3626 2.09434e+00
3627 2.09438e+00
3628 2.09443e+00
3629 2.09447e+00
3630 2.09451e+00
3631 2.09456e+00
3632 2.09460e+00
3633 2.09465e+00
3634 2.09469e+00
3635 2.09474e+00
3636 2.09478e+00
3637 2.09483e+00
3638 2.09488e+00
3639 2.09492e+00
3640 2.09497e+00
3641 2.09502e+00
3642 2.09507e+00
3643 2.09511e+00
3644 2.09516e+00
3645 2.09521e+00
3646 2.09526e+00
3647 2.09531e+00
3648 2.09536e+00
3649 2.09541e+00
3650 2.09546e+00
3651 2.09551e+00
3652 2.09556e+00
3653 2.09561e+00
3654 2.09567e+00
3655 2.09572e+00
3656 2.09577e+00
3657 2.09582e+00
3658 2.09588e+00
3659 2.09593e+00
3660 2.09599e+00
3661 2.09604e+00
3662 2.09610e+00
3663 2.09615e+00
3664 2.09621e+00
3665 2.09626e+00
3666 2.09632e+00
3667 2.09637e+00
3668 2.09643e+00
3669 2.09649e+00
3670 2.09654e+00
3671 2.09660e+00
3672 2.09666e+00
3673 2.09672e+00
3674 2.09678e+00
3675 2.09684e+00
3676 2.09690e+00
3677 2.09695e+00
3678 2.09702e+00
3679 2.09708e+00
3680 2.09714e+00
3681 2.09720e+00
3682 2.09726e+00
3683 2.09732e+00
3684 2.09738e+00
3685 2.09744e+00
3686 2.09751e+00
3687 2.09757e+00
3688 2.09763e+00
3689 2.09769e+00
3690 2.09776e+00
3691 2.09782e+00
3692 2.09789e+00
3693 2.09795e+00
3694 2.09802e+00
3695 2.09808e+00
3696 2.09815e+00
3697 2.09821e+00
3698 2.09828e+00
3699 2.09834e+00
3700 2.09841e+00
3701 2.09848e+00
3702 2.09854e+00
3703 2.09861e+00
3704 2.09868e+00
3705 2.09875e+00
3706 2.09882e+00
3707 2.09888e+00
3708 2.09895e+00
3709 2.09902e+00
3710 2.09909e+00
3711 2.09916e+00
3712 2.09923e+00
3713 2.09930e+00
3714 2.09937e+00
3715 2.09944e+00
3716 2.09951e+00
3717 2.09958e+00
3718 2.09965e+00
3719 2.09972e+00
3720 2.09980e+00
3721 2.09987e+00
3722 2.09994e+00
3723 2.10001e+00
3724 2.10008e+00
3725 2.10016e+00
3726 2.10023e+00
3727 2.10030e+00
3728 2.10038e+00
3729 2.10045e+00
3730 2.10052e+00
3731 2.10060e+00
3732 2.10067e+00
3733 2.10074e+00
3734 2.10082e+00
3735 2.10089e+00
3736 2.10097e+00
3737 2.10104e+00
3738 2.10112e+00
3739 2.10119e+00
3740 2.10127e+00
3741 2.10134e+00
3742 2.10142e+00
3743 2.10150e+00
3744 2.10157e+00
3745 2.10165e+00
3746 2.10172e+00
3747 2.10180e+00
3748 2.10188e+00
3749 2.10195e+00
3750 2.10203e+00
3751 2.10211e+00
3752 2.10218e+00
3753 2.10226e+00
3754 2.10234e+00
3755 2.10241e+00
3756 2.10249e+00
3757 2.10257e+00
3758 2.10265e+00
3759 2.10273e+00
3760 2.10280e+00
3761 2.10288e+00
3762 2.10296e+00
3763 2.10304e+00
3764 2.10312e+00
3765 2.10319e+00
3766 2.10327e+00
3767 2.10335e+00
3768 2.10343e+00
3769 2.10351e+00
3770 2.10358e+00
3771 2.10366e+00
3772 2.10374e+00
3773 2.10382e+00
3774 2.10390e+00
3775 2.10398e+00
3776 2.10405e+00
3777 2.10413e+00
3778 2.10421e+00
3779 2.10429e+00
3780 2.10437e+00
3781 2.10445e+00
3782 2.10453e+00
3783 2.10460e+00
3784 2.10468e+00
3785 2.10476e+00
3786 2.10484e+00
3787 2.10492e+00
3788 2.10500e+00
3789 2.10507e+00
3790 2.10515e+00
3791 2.10523e+00
3792 2.10531e+00
3793 2.10539e+00
3794 2.10546e+00
3795 2.10554e+00
3796 2.10562e+00
3797 2.10570e+00
3798 2.10578e+00
3799 2.10585e+00
3800 2.10593e+00
3801 2.10601e+00
3802 2.10609e+00
3803 2.10616e+00
3804 2.10624e+00
3805 2.10632e+00
3806 2.10639e+00
3807 2.10647e+00
3808 2.10655e+00
3809 2.10662e+00
3810 2.10670e+00
3811 2.10678e+00
3812 2.10685e+00
3813 2.10693e+00
3814 2.10700e+00
3815 2.10708e+00
3816 2.10715e+00
3817 2.10723e+00
3818 2.10730e+00
3819 2.10738e+00
3820 2.10745e+00
3821 2.10753e+00
3822 2.10760e+00
3823 2.10767e+00
3824 2.10775e+00
3825 2.10782e+00
3826 2.10789e+00
3827 2.10797e+00
3828 2.10804e+00
3829 2.10811e+00
3830 2.10818e+00
3831 2.10826e+00
3832 2.10833e+00
3833 2.10840e+00
3834 2.10847e+00
3835 2.10854e+00
3836 2.10861e+00
3837 2.10868e+00
3838 2.10875e+00
3839 2.10882e+00
3840 2.10889e+00
3841 2.10896e+00
3842 2.10903e+00
3843 2.10910e+00
3844 2.10917e+00
3845 2.10924e+00
3846 2.10930e+00
3847 2.10937e+00
3848 2.10944e+00
3849 2.10950e+00
3850 2.10957e+00
3851 2.10964e+00
3852 2.10970e+00
3853 2.10977e+00
3854 2.10983e+00
3855 2.10990e+00
3856 2.10996e+00
3857 2.11003e+00
3858 2.11009e+00
3859 2.11015e+00
3860 2.11021e+00
3861 2.11028e+00
3862 2.11034e+00
3863 2.11040e+00
3864 2.11046e+00
3865 2.11052e+00
3866 2.11058e+00
3867 2.11064e+00
3868 2.11070e+00
3869 2.11076e+00
3870 2.11082e+00
3871 2.11088e+00
3872 2.11094e+00
3873 2.11100e+00
3874 2.11105e+00
3875 2.11111e+00
3876 2.11117e+00
3877 2.11122e+00
3878 2.11128e+00
3879 2.11133e+00
3880 2.11139e+00
3881 2.11144e+00
3882 2.11150e+00
3883 2.11155e+00
3884 2.11160e+00
3885 2.11165e+00
3886 2.11171e+00
3887 2.11176e+00
3888 2.11181e+00
3889 2.11186e+00
3890 2.11191e+00
3891 2.11196e+00
3892 2.11201e+00
3893 2.11206e+00
3894 2.11211e+00
3895 2.11215e+00
3896 2.11220e+00
3897 2.11225e+00
3898 2.11229e+00
3899 2.11234e+00
3900 2.11238e+00
3901 2.11243e+00
3902 2.11247e+00
3903 2.11252e+00
3904 2.11256e+00
3905 2.11260e+00
3906 2.11264e+00
3907 2.11268e+00
3908 2.11273e+00
3909 2.11277e+00
3910 2.11281e+00
3911 2.11285e+00
3912 2.11289e+00
3913 2.11292e+00
3914 2.11296e+00
3915 2.11300e+00
3916 2.11304e+00
3917 2.11307e+00
3918 2.11311e+00
3919 2.11314e+00
3920 2.11318e+00
3921 2.11321e+00
3922 2.11325e+00
3923 2.11328e+00
3924 2.11331e+00
3925 2.11335e+00
3926 2.11338e+00
3927 2.11341e+00
3928 2.11344e+00
3929 2.11347e+00
3930 2.11350e+00
3931 2.11353e+00
3932 2.11356e+00
3933 2.11359e+00
3934 2.11361e+00
3935 2.11364e+00
3936 2.11367e+00
3937 2.11369e+00
3938 2.11372e+00
3939 2.11374e+00
3940 2.11377e+00
3941 2.11379e+00
3942 2.11382e+00
3943 2.11384e+00
3944 2.11386e+00
3945 2.11388e+00
3946 2.11390e+00
3947 2.11393e+00
3948 2.11394e+00
3949 2.11396e+00
3950 2.11398e+00
3951 2.11400e+00
3952 2.11402e+00
3953 2.11404e+00
3954 2.11405e+00
3955 2.11407e+00
3956 2.11409e+00
3957 2.11410e+00
3958 2.11412e+00
3959 2.11413e+00
3960 2.11415e+00
3961 2.11416e+00
3962 2.11417e+00
3963 2.11419e+00
3964 2.11420e+00
3965 2.11421e+00
3966 2.11422e+00
3967 2.11423e+00
3968 2.11424e+00
3969 2.11425e+00
3970 2.11426e+00
3971 2.11427e+00
3972 2.11428e+00
3973 2.11428e+00
3974 2.11429e+00
3975 2.11430e+00
3976 2.11430e+00
3977 2.11431e+00
3978 2.11432e+00
3979 2.11432e+00
3980 2.11432e+00
3981 2.11433e+00
3982 2.11433e+00
3983 2.11434e+00
3984 2.11434e+00
3985 2.11434e+00
3986 2.11434e+00
3987 2.11434e+00
3988 2.11434e+00
3989 2.11434e+00
3990 2.11434e+00
3991 2.11434e+00
3992 2.11434e+00
3993 2.11434e+00
3994 2.11434e+00
3995 2.11433e+00
3996 2.11433e+00
3997 2.11433e+00
3998 2.11432e+00
3999 2.11432e+00
4000 2.11432e+00
4001 2.11431e+00
4002 2.11431e+00
4003 2.11430e+00
4004 2.11430e+00
4005 2.11429e+00
4006 2.11428e+00
4007 2.11427e+00
4008 2.11427e+00
4009 2.11426e+00
4010 2.11425e+00
4011 2.11424e+00
4012 2.11423e+00
4013 2.11422e+00
4014 2.11421e+00
4015 2.11420e+00
4016 2.11419e+00
4017 2.11418e+00
4018 2.11417e+00
4019 2.11416e+00
4020 2.11415e+00
4021 2.11413e+00
4022 2.11412e+00
4023 2.11411e+00
4024 2.11410e+00
4025 2.11408e+00
4026 2.11407e+00
4027 2.11405e+00
4028 2.11404e+00
4029 2.11402e+00
4030 2.11401e+00
4031 2.11399e+00
4032 2.11398e+00
4033 2.11396e+00
4034 2.11395e+00
4035 2.11393e+00
4036 2.11391e+00
4037 2.11390e+00
4038 2.11388e+00
4039 2.11386e+00
4040 2.11384e+00
4041 2.11382e+00
4042 2.11381e+00
4043 2.11379e+00
4044 2.11377e+00
4045 2.11375e+00
4046 2.11373e+00
4047 2.11371e+00
4048 2.11369e+00
4049 2.11367e+00
4050 2.11365e+00
4051 2.11363e+00
4052 2.11361e+00
4053 2.11359e+00
4054 2.11357e+00
4055 2.11355e+00
4056 2.11352e+00
4057 2.11350e+00
4058 2.11348e+00
4059 2.11346e+00
4060 2.11344e+00
4061 2.11341e+00
4062 2.11339e+00
4063 2.11337e+00
4064 2.11334e+00
4065 2.11332e+00
4066 2.11330e+00
4067 2.11327e+00
4068 2.11325e+00
4069 2.11323e+00
4070 2.11320e+00
4071 2.11318e+00
4072 2.11315e+00
4073 2.11313e+00
4074 2.11311e+00
4075 2.11308e+00
4076 2.11306e+00
4077 2.11303e+00
4078 2.11301e+00
4079 2.11298e+00
4080 2.11296e+00
4081 2.11293e+00
4082 2.11291e+00
4083 2.11288e+00
4084 2.11286e+00
4085 2.11283e+00
4086 2.11280e+00
4087 2.11278e+00
4088 2.11275e+00
4089 2.11273e+00
4090 2.11270e+00
4091 2.11267e+00
4092 2.11265e+00
4093 2.11262e+00
4094 2.11260e+00
4095 2.11257e+00
4096 2.11255e+00
4097 2.11252e+00
4098 2.11249e+00
4099 2.11247e+00
4100 2.11244e+00
4101 2.11241e+00
4102 2.11239e+00
4103 2.11236e+00
4104 2.11233e+00
4105 2.11231e+00
4106 2.11228e+00
4107 2.11226e+00
4108 2.11223e+00
4109 2.11220e+00
4110 2.11218e+00
4111 2.11215e+00
4112 2.11212e+00
4113 2.11210e+00
4114 2.11207e+00
4115 2.11204e+00
4116 2.11202e+00
4117 2.11199e+00
4118 2.11197e+00
4119 2.11194e+00
4120 2.11191e+00
4121 2.11189e+00
4122 2.11186e+00
4123 2.11184e+00
4124 2.11181e+00
4125 2.11178e+00
4126 2.11176e+00
4127 2.11173e+00
4128 2.11171e+00
4129 2.11168e+00
4130 2.11166e+00
4131 2.11163e+00
4132 2.11160e+00
4133 2.11158e+00
4134 2.11155e+00
4135 2.11153e+00
4136 2.11150e+00
4137 2.11148e+00
4138 2.11145e+00
4139 2.11143e+00
4140 2.11141e+00
4141 2.11138e+00
4142 2.11136e+00
4143 2.11133e+00
4144 2.11131e+00
4145 2.11128e+00
4146 2.11126e+00
4147 2.11124e+00
4148 2.11121e+00
4149 2.11119e+00
4150 2.11117e+00
4151 2.11114e+00
4152 2.11112e+00
4153 2.11110e+00
4154 2.11108e+00
4155 2.11105e+00
4156 2.11103e+00
4157 2.11101e+00
4158 2.11099e+00
4159 2.11096e+00
4160 2.11094e+00
4161 2.11092e+00
4162 2.11090e+00
4163 2.11088e+00
4164 2.11086e+00
4165 2.11084e+00
4166 2.11082e+00
4167 2.11080e+00
4168 2.11078e+00
4169 2.11076e+00
4170 2.11074e+00
4171 2.11072e+00
4172 2.11070e+00
4173 2.11068e+00
4174 2.11066e+00
4175 2.11064e+00
4176 2.11062e+00
4177 2.11060e+00
4178 2.11059e+00
4179 2.11057e+00
4180 2.11055e+00
4181 2.11053e+00
4182 2.11052e+00
4183 2.11050e+00
4184 2.11048e+00
4185 2.11047e+00
4186 2.11045e+00
4187 2.11043e+00
4188 2.11042e+00
4189 2.11040e+00
4190 2.11039e+00
4191 2.11037e+00
4192 2.11036e+00
4193 2.11034e+00
4194 2.11033e+00
4195 2.11031e+00
4196 2.11030e+00
4197 2.11029e+00
4198 2.11027e+00
4199 2.11026e+00
4200 2.11025e+00
4201 2.11024e+00
4202 2.11022e+00
4203 2.11021e+00
4204 2.11020e+00
4205 2.11019e+00
4206 2.11018e+00
4207 2.11017e+00
4208 2.11016e+00
4209 2.11014e+00
4210 2.11014e+00
4211 2.11013e+00
4212 2.11012e+00
4213 2.11011e+00
4214 2.11010e+00
4215 2.11009e+00
4216 2.11008e+00
4217 2.11007e+00
4218 2.11007e+00
4219 2.11006e+00
4220 2.11005e+00
4221 2.11004e+00
4222 2.11004e+00
4223 2.11003e+00
4224 2.11003e+00
4225 2.11002e+00
4226 2.11001e+00
4227 2.11001e+00
4228 2.11000e+00
4229 2.11000e+00
4230 2.11000e+00
4231 2.10999e+00
4232 2.10999e+00
4233 2.10999e+00
4234 2.10998e+00
4235 2.10998e+00
4236 2.10998e+00
4237 2.10998e+00
4238 2.10997e+00
4239 2.10997e+00
4240 2.10997e+00
4241 2.10997e+00
4242 2.10997e+00
4243 2.10997e+00
4244 2.10997e+00
4245 2.10997e+00
4246 2.10997e+00
4247 2.10997e+00
4248 2.10997e+00
4249 2.10998e+00
4250 2.10998e+00
4251 2.10998e+00
4252 2.10998e+00
4253 2.10999e+00
4254 2.10999e+00
4255 2.10999e+00
4256 2.11000e+00
4257 2.11000e+00
4258 2.11001e+00
4259 2.11001e+00
4260 2.11002e+00
4261 2.11002e+00
4262 2.11003e+00
4263 2.11003e+00
4264 2.11004e+00
4265 2.11005e+00
4266 2.11006e+00
4267 2.11006e+00
4268 2.11007e+00
4269 2.11008e+00
4270 2.11009e+00
4271 2.11010e+00
4272 2.11010e+00
4273 2.11011e+00
4274 2.11012e+00
4275 2.11013e+00
4276 2.11014e+00
4277 2.11015e+00
4278 2.11016e+00
4279 2.11017e+00
4280 2.11019e+00
4281 2.11020e+00
4282 2.11021e+00
4283 2.11022e+00
4284 2.11023e+00
4285 2.11025e+00
4286 2.11026e+00
4287 2.11027e+00
4288 2.11029e+00
4289 2.11030e+00
4290 2.11031e+00
4291 2.11033e+00
4292 2.11034e+00
4293 2.11036e+00
4294 2.11037e+00
4295 2.11039e+00
4296 2.11040e+00
4297 2.11042e+00
4298 2.11043e+00
4299 2.11045e+00
4300 2.11047e+00
4301 2.11048e+00
4302 2.11050e+00
4303 2.11052e+00
4304 2.11054e+00
4305 2.11055e+00
4306 2.11057e+00
4307 2.11059e+00
4308 2.11061e+00
4309 2.11063e+00
4310 2.11064e+00
4311 2.11066e+00
4312 2.11068e+00
4313 2.11070e+00
4314 2.11072e+00
4315 2.11074e+00
4316 2.11076e+00
4317 2.11078e+00
4318 2.11080e+00
4319 2.11082e+00
4320 2.11084e+00
4321 2.11086e+00
4322 2.11088e+00
4323 2.11091e+00
4324 2.11093e+00
4325 2.11095e+00
4326 2.11097e+00
4327 2.11099e+00
4328 2.11101e+00
4329 2.11104e+00
4330 2.11106e+00
4331 2.11108e+00
4332 2.11110e+00
4333 2.11113e+00
4334 2.11115e+00
4335 2.11117e+00
4336 2.11119e+00
4337 2.11122e+00
4338 2.11124e+00
4339 2.11126e+00
4340 2.11129e+00
4341 2.11131e+00
4342 2.11133e+00
4343 2.11136e+00
4344 2.11138e+00
4345 2.11140e+00
4346 2.11143e+00
4347 2.11145e+00
4348 2.11147e+00
4349 2.11150e+00
4350 2.11152e+00
4351 2.11155e+00
4352 2.11157e+00
4353 2.11159e+00
4354 2.11162e+00
4355 2.11164e+00
4356 2.11167e+00
4357 2.11169e+00
4358 2.11171e+00
4359 2.11174e+00
4360 2.11176e+00
4361 2.11179e+00
4362 2.11181e+00
4363 2.11183e+00
4364 2.11186e+00
4365 2.11188e+00
4366 2.11191e+00
4367 2.11193e+00
4368 2.11195e+00
4369 2.11198e+00
4370 2.11200e+00
4371 2.11202e+00
4372 2.11205e+00
4373 2.11207e+00
4374 2.11209e+00
4375 2.11212e+00
4376 2.11214e+00
4377 2.11216e+00
4378 2.11219e+00
4379 2.11221e+00
4380 2.11223e+00
4381 2.11225e+00
4382 2.11228e+00
4383 2.11230e+00
4384 2.11232e+00
4385 2.11234e+00
4386 2.11236e+00
4387 2.11239e+00
4388 2.11241e+00
4389 2.11243e+00
4390 2.11245e+00
4391 2.11247e+00
4392 2.11249e+00
4393 2.11251e+00
4394 2.11253e+00
4395 2.11255e+00
4396 2.11257e+00
4397 2.11259e+00
4398 2.11261e+00
4399 2.11263e+00
4400 2.11265e+00
4401 2.11267e+00
4402 2.11269e+00
4403 2.11271e+00
4404 2.11273e+00
4405 2.11274e+00
4406 2.11276e+00
4407 2.11278e+00
4408 2.11280e+00
4409 2.11281e+00
4410 2.11283e+00
4411 2.11285e+00
4412 2.11286e+00
4413 2.11288e+00
4414 2.11290e+00
4415 2.11291e+00
4416 2.11293e+00
4417 2.11294e+00
4418 2.11296e+00
4419 2.11297e+00
4420 2.11298e+00
4421 2.11300e+00
4422 2.11301e+00
4423 2.11302e+00
4424 2.11304e+00
4425 2.11305e+00
4426 2.11306e+00
4427 2.11307e+00
4428 2.11308e+00
4429 2.11309e+00
4430 2.11311e+00
4431 2.11312e+00
4432 2.11313e+00
4433 2.11313e+00
4434 2.11314e+00
4435 2.11315e+00
4436 2.11316e+00
4437 2.11317e+00
4438 2.11318e+00
4439 2.11318e+00
4440 2.11319e+00
4441 2.11320e+00
4442 2.11320e+00
4443 2.11321e+00
4444 2.11322e+00
4445 2.11322e+00
4446 2.11323e+00
4447 2.11323e+00
4448 2.11323e+00
4449 2.11324e+00
4450 2.11324e+00
4451 2.11324e+00
4452 2.11325e+00
4453 2.11325e+00
4454 2.11325e+00
4455 2.11325e+00
4456 2.11325e+00
4457 2.11325e+00
4458 2.11325e+00
4459 2.11325e+00
4460 2.11325e+00
4461 2.11325e+00
4462 2.11325e+00
4463 2.11324e+00
4464 2.11324e+00
4465 2.11324e+00
4466 2.11324e+00
4467 2.11323e+00
4468 2.11323e+00
4469 2.11322e+00
4470 2.11322e+00
4471 2.11321e+00
4472 2.11321e+00
4473 2.11320e+00
4474 2.11319e+00
4475 2.11319e+00
4476 2.11318e+00
4477 2.11317e+00
4478 2.11316e+00
4479 2.11315e+00
4480 2.11314e+00
4481 2.11313e+00
4482 2.11312e+00
4483 2.11311e+00
4484 2.11310e+00
4485 2.11309e+00
4486 2.11308e+00
4487 2.11307e+00
4488 2.11305e+00
4489 2.11304e+00
4490 2.11303e+00
4491 2.11301e+00
4492 2.11300e+00
4493 2.11298e+00
4494 2.11297e+00
4495 2.11295e+00
4496 2.11294e+00
4497 2.11292e+00
4498 2.11291e+00
4499 2.11289e+00
4500 2.11287e+00
4501 2.11285e+00
4502 2.11283e+00
4503 2.11282e+00
4504 2.11280e+00
4505 2.11278e+00
4506 2.11276e+00
4507 2.11274e+00
4508 2.11272e+00
4509 2.11270e+00
4510 2.11267e+00
4511 2.11265e+00
4512 2.11263e+00
4513 2.11261e+00
4514 2.11259e+00
4515 2.11256e+00
4516 2.11254e+00
4517 2.11252e+00
4518 2.11249e+00
4519 2.11247e+00
4520 2.11244e+00
4521 2.11242e+00
4522 2.11239e+00
4523 2.11237e+00
4524 2.11234e+00
4525 2.11231e+00
4526 2.11229e+00
4527 2.11226e+00
4528 2.11223e+00
4529 2.11221e+00
4530 2.11218e+00
4531 2.11215e+00
4532 2.11212e+00
4533 2.11209e+00
4534 2.11206e+00
4535 2.11203e+00
4536 2.11200e+00
4537 2.11197e+00
4538 2.11194e+00
4539 2.11191e+00
4540 2.11188e+00
4541 2.11185e+00
4542 2.11182e+00
4543 2.11179e+00
4544 2.11176e+00
4545 2.11173e+00
4546 2.11169e+00
4547 2.11166e+00
4548 2.11163e+00
4549 2.11160e+00
4550 2.11156e+00
4551 2.11153e+00
4552 2.11150e+00
4553 2.11146e+00
4554 2.11143e+00
4555 2.11139e+00
4556 2.11136e+00
4557 2.11133e+00
4558 2.11129e+00
4559 2.11126e+00
4560 2.11122e+00
4561 2.11119e+00
4562 2.11115e+00
4563 2.11112e+00
4564 2.11108e+00
4565 2.11104e+00
4566 2.11101e+00
4567 2.11097e+00
4568 2.11094e+00
4569 2.11090e+00
4570 2.11086e+00
4571 2.11083e+00
4572 2.11079e+00
4573 2.11076e+00
4574 2.11072e+00
4575 2.11068e+00
4576 2.11064e+00
4577 2.11061e+00
4578 2.11057e+00
4579 2.11053e+00
4580 2.11050e+00
4581 2.11046e+00
4582 2.11042e+00
4583 2.11039e+00
4584 2.11035e+00
4585 2.11031e+00
4586 2.11027e+00
4587 2.11024e+00
4588 2.11020e+00
4589 2.11016e+00
4590 2.11012e+00
4591 2.11009e+00
4592 2.11005e+00
4593 2.11001e+00
4594 2.10997e+00
4595 2.10994e+00
4596 2.10990e+00
4597 2.10986e+00
4598 2.10982e+00
4599 2.10979e+00
4600 2.10975e+00
4601 2.10971e+00
4602 2.10967e+00
4603 2.10964e+00
4604 2.10960e+00
4605 2.10956e+00
4606 2.10953e+00
4607 2.10949e+00
4608 2.10945e+00
4609 2.10942e+00
4610 2.10938e+00
4611 2.10934e+00
4612 2.10931e+00
4613 2.10927e+00
4614 2.10923e+00
4615 2.10920e+00
4616 2.10916e+00
4617 2.10912e+00
4618 2.10909e+00
4619 2.10905e+00
4620 2.10902e+00
4621 2.10898e+00
4622 2.10894e+00
4623 2.10891e+00
4624 2.10887e+00
4625 2.10884e+00
4626 2.10880e+00
4627 2.10877e+00
4628 2.10873e+00
4629 2.10870e+00
4630 2.10866e+00
4631 2.10863e+00
4632 2.10860e+00
4633 2.10856e+00
4634 2.10853e+00
4635 2.10849e+00
4636 2.10846e+00
4637 2.10843e+00
4638 2.10839e+00
4639 2.10836e+00
4640 2.10833e+00
4641 2.10830e+00
4642 2.10826e+00
4643 2.10823e+00
4644 2.10820e+00
4645 2.10817e+00
4646 2.10814e+00
4647 2.10810e+00
4648 2.10807e+00
4649 2.10804e+00
4650 2.10801e+00
4651 2.10798e+00
4652 2.10795e+00
4653 2.10792e+00
4654 2.10789e+00
4655 2.10786e+00
4656 2.10783e+00
4657 2.10780e+00
4658 2.10777e+00
4659 2.10774e+00
4660 2.10771e+00
4661 2.10769e+00
4662 2.10766e+00
4663 2.10763e+00
4664 2.10760e+00
4665 2.10757e+00
4666 2.10755e+00
4667 2.10752e+00
4668 2.10749e+00
4669 2.10747e+00
4670 2.10744e+00
4671 2.10741e+00
4672 2.10739e+00
4673 2.10736e+00
4674 2.10734e+00
4675 2.10731e+00
4676 2.10729e+00
4677 2.10726e+00
4678 2.10724e+00
4679 2.10721e+00
4680 2.10719e+00
4681 2.10716e+00
4682 2.10714e+00
4683 2.10712e+00
4684 2.10709e+00
4685 2.10707e+00
4686 2.10705e+00
4687 2.10703e+00
4688 2.10700e+00
4689 2.10698e+00
4690 2.10696e+00
4691 2.10694e+00
4692 2.10692e+00
4693 2.10690e+00
4694 2.10688e+00
4695 2.10686e+00
4696 2.10684e+00
4697 2.10682e+00
4698 2.10680e+00
4699 2.10678e+00
4700 2.10676e+00
4701 2.10674e+00
4702 2.10672e+00
4703 2.10670e+00
4704 2.10668e+00
4705 2.10667e+00
4706 2.10665e+00
4707 2.10663e+00
4708 2.10661e+00
4709 2.10660e+00
4710 2.10658e+00
4711 2.10656e+00
4712 2.10655e+00
4713 2.10653e+00
4714 2.10651e+00
4715 2.10650e+00
4716 2.10648e+00
4717 2.10647e+00
4718 2.10645e+00
4719 2.10644e+00
4720 2.10642e+00
4721 2.10641e+00
4722 2.10639e+00
4723 2.10638e+00
4724 2.10637e+00
4725 2.10635e+00
4726 2.10634e+00
4727 2.10633e+00
4728 2.10631e+00
4729 2.10630e+00
4730 2.10629e+00
4731 2.10628e+00
4732 2.10627e+00
4733 2.10625e+00
4734 2.10624e+00
4735 2.10623e+00
4736 2.10622e+00
4737 2.10621e+00
4738 2.10620e+00
4739 2.10619e+00
4740 2.10618e+00
4741 2.10617e+00
4742 2.10616e+00
4743 2.10615e+00
4744 2.10614e+00
4745 2.10613e+00
4746 2.10612e+00
4747 2.10611e+00
4748 2.10610e+00
4749 2.10609e+00
4750 2.10608e+00
4751 2.10608e+00
4752 2.10607e+00
4753 2.10606e+00
4754 2.10605e+00
4755 2.10605e+00
4756 2.10604e+00
4757 2.10603e+00
4758 2.10602e+00
4759 2.10602e+00
4760 2.10601e+00
4761 2.10600e+00
4762 2.10600e+00
4763 2.10599e+00
4764 2.10599e+00
4765 2.10598e+00
4766 2.10597e+00
4767 2.10597e+00
4768 2.10596e+00
4769 2.10596e+00
4770 2.10595e+00
4771 2.10595e+00
4772 2.10594e+00
4773 2.10594e+00
4774 2.10593e+00
4775 2.10593e+00
4776 2.10593e+00
4777 2.10592e+00
4778 2.10592e+00
4779 2.10591e+00
4780 2.10591e+00
4781 2.10591e+00
4782 2.10590e+00
4783 2.10590e+00
4784 2.10590e+00
4785 2.10589e+00
4786 2.10589e+00
4787 2.10589e+00
4788 2.10589e+00
4789 2.10588e+00
4790 2.10588e+00
4791 2.10588e+00
4792 2.10588e+00
4793 2.10587e+00
4794 2.10587e+00
4795 2.10587e+00
4796 2.10587e+00
4797 2.10587e+00
4798 2.10587e+00
4799 2.10587e+00
4800 2.10586e+00
4801 2.10586e+00
4802 2.10586e+00
4803 2.10586e+00
4804 2.10586e+00
4805 2.10586e+00
4806 2.10586e+00
4807 2.10586e+00
4808 2.10586e+00
4809 2.10586e+00
4810 2.10586e+00
4811 2.10586e+00
4812 2.10586e+00
4813 2.10586e+00
4814 2.10586e+00
4815 2.10586e+00
4816 2.10586e+00
4817 2.10586e+00
4818 2.10586e+00
4819 2.10586e+00
4820 2.10586e+00
4821 2.10586e+00
4822 2.10587e+00
4823 2.10587e+00
4824 2.10587e+00
4825 2.10587e+00
4826 2.10587e+00
4827 2.10587e+00
4828 2.10587e+00
4829 2.10588e+00
4830 2.10588e+00
4831 2.10588e+00
4832 2.10588e+00
4833 2.10588e+00
4834 2.10589e+00
4835 2.10589e+00
4836 2.10589e+00
4837 2.10589e+00
4838 2.10590e+00
4839 2.10590e+00
4840 2.10590e+00
4841 2.10590e+00
4842 2.10591e+00
4843 2.10591e+00
4844 2.10591e+00
4845 2.10592e+00
4846 2.10592e+00
4847 2.10592e+00
4848 2.10593e+00
4849 2.10593e+00
4850 2.10593e+00
4851 2.10594e+00
4852 2.10594e+00
4853 2.10594e+00
4854 2.10595e+00
4855 2.10595e+00
4856 2.10596e+00
4857 2.10596e+00
4858 2.10596e+00
4859 2.10597e+00
4860 2.10597e+00
4861 2.10598e+00
4862 2.10598e+00
4863 2.10599e+00
4864 2.10599e+00
4865 2.10600e+00
4866 2.10600e+00
4867 2.10600e+00
4868 2.10601e+00
4869 2.10602e+00
4870 2.10602e+00
4871 2.10603e+00
4872 2.10603e+00
4873 2.10604e+00
4874 2.10604e+00
4875 2.10605e+00
4876 2.10605e+00
4877 2.10606e+00
4878 2.10606e+00
4879 2.10607e+00
4880 2.10608e+00
4881 2.10608e+00
4882 2.10609e+00
4883 2.10610e+00
4884 2.10610e+00
4885 2.10611e+00
4886 2.10611e+00
4887 2.10612e+00
4888 2.10613e+00
4889 2.10613e+00
4890 2.10614e+00
4891 2.10615e+00
4892 2.10615e+00
4893 2.10616e+00
4894 2.10617e+00
4895 2.10618e+00
4896 2.10618e+00
4897 2.10619e+00
4898 2.10620e+00
4899 2.10620e+00
4900 2.10621e+00
4901 2.10622e+00
4902 2.10623e+00
4903 2.10624e+00
4904 2.10624e+00
4905 2.10625e+00
4906 2.10626e+00
4907 2.10627e+00
4908 2.10627e+00
4909 2.10628e+00
4910 2.10629e+00
4911 2.10630e+00
4912 2.10631e+00
4913 2.10632e+00
4914 2.10632e+00
4915 2.10633e+00
4916 2.10634e+00
4917 2.10635e+00
4918 2.10636e+00
4919 2.10637e+00
4920 2.10638e+00
4921 2.10639e+00
4922 2.10640e+00
4923 2.10640e+00
4924 2.10641e+00
4925 2.10642e+00
4926 2.10643e+00
4927 2.10644e+00
4928 2.10645e+00
4929 2.10646e+00
4930 2.10647e+00
4931 2.10648e+00
4932 2.10649e+00
4933 2.10650e+00
4934 2.10651e+00
4935 2.10652e+00
4936 2.10653e+00
4937 2.10654e+00
4938 2.10655e+00
4939 2.10656e+00
4940 2.10657e+00
4941 2.10658e+00
4942 2.10659e+00
4943 2.10660e+00
4944 2.10661e+00
4945 2.10662e+00
4946 2.10663e+00
4947 2.10664e+00
4948 2.10665e+00
4949 2.10666e+00
4950 2.10667e+00
4951 2.10668e+00
4952 2.10669e+00
4953 2.10670e+00
4954 2.10671e+00
4955 2.10672e+00
4956 2.10673e+00
4957 2.10674e+00
4958 2.10675e+00
4959 2.10676e+00
4960 2.10677e+00
4961 2.10678e+00
4962 2.10679e+00
4963 2.10681e+00
4964 2.10682e+00
4965 2.10683e+00
4966 2.10684e+00
4967 2.10685e+00
4968 2.10686e+00
4969 2.10687e+00
4970 2.10688e+00
4971 2.10689e+00
4972 2.10690e+00
4973 2.10691e+00
4974 2.10692e+00
4975 2.10693e+00
4976 2.10694e+00
4977 2.10695e+00
4978 2.10696e+00
4979 2.10697e+00
4980 2.10699e+00
4981 2.10700e+00
4982 2.10701e+00
4983 2.10702e+00
4984 2.10703e+00
4985 2.10704e+00
4986 2.10705e+00
4987 2.10706e+00
4988 2.10707e+00
4989 2.10708e+00
4990 2.10709e+00
4991 2.10710e+00
4992 2.10711e+00
4993 2.10712e+00
4994 2.10713e+00
4995 2.10714e+00
4996 2.10715e+00
4997 2.10716e+00
4998 2.10717e+00
4999 2.10718e+00
5000 2.10719e+00
